"Lift Convergence"
"Flow Time" "cl"
2.17500e-04     -3.43881e-03
4.35000e-04     -2.56585e-03
6.52500e-04     -1.95070e-03
8.70000e-04     -1.08958e-03
1.08750e-03     2.20315e-04
1.30500e-03     1.67334e-03
1.52250e-03     3.27763e-03
1.74000e-03     4.96795e-03
1.95750e-03     6.70621e-03
2.17500e-03     8.46258e-03
2.39250e-03     1.01444e-02
2.61000e-03     1.16742e-02
2.82750e-03     1.30567e-02
3.04500e-03     1.42275e-02
3.26250e-03     1.51493e-02
3.48000e-03     1.58011e-02
3.69750e-03     1.61939e-02
3.91500e-03     1.64325e-02
4.13250e-03     1.65246e-02
4.35000e-03     1.65037e-02
4.56750e-03     1.63662e-02
4.78500e-03     1.57950e-02
5.00250e-03     1.51240e-02
5.22000e-03     1.44709e-02
5.43750e-03     1.38412e-02
5.65500e-03     1.33484e-02
5.87250e-03     1.29398e-02
6.09000e-03     1.26852e-02
6.30750e-03     1.25838e-02
6.52500e-03     1.26015e-02
6.74250e-03     1.27309e-02
6.96000e-03     1.29246e-02
7.17750e-03     1.31890e-02
7.39500e-03     1.39334e-02
7.61250e-03     1.48834e-02
7.83000e-03     1.59309e-02
8.04750e-03     1.69489e-02
8.26500e-03     1.79256e-02
8.48250e-03     1.88497e-02
8.70000e-03     1.96141e-02
8.91750e-03     2.02683e-02
9.13500e-03     2.07786e-02
9.35250e-03     2.11171e-02
9.57000e-03     2.13337e-02
9.78750e-03     2.14218e-02
1.00050e-02     2.14212e-02
1.02225e-02     2.13579e-02
1.04400e-02     2.11719e-02
1.06575e-02     2.05276e-02
1.08750e-02     1.96639e-02
1.10925e-02     1.87927e-02
1.13100e-02     1.79781e-02
1.15275e-02     1.71329e-02
1.17450e-02     1.64065e-02
1.19625e-02     1.57716e-02
1.21800e-02     1.52305e-02
1.23975e-02     1.47953e-02
1.26150e-02     1.45101e-02
1.28325e-02     1.43324e-02
1.30500e-02     1.42433e-02
1.32675e-02     1.42371e-02
1.34850e-02     1.42962e-02
1.37025e-02     1.44188e-02
1.39200e-02     1.46506e-02
1.41375e-02     1.50641e-02
1.43550e-02     1.58532e-02
1.45725e-02     1.65788e-02
1.47900e-02     1.72895e-02
1.50075e-02     1.79621e-02
1.52250e-02     1.85915e-02
1.54425e-02     1.91416e-02
1.56600e-02     1.96132e-02
1.58775e-02     2.00091e-02
1.60950e-02     2.03568e-02
1.63125e-02     2.05536e-02
1.65300e-02     2.07169e-02
1.67475e-02     2.08421e-02
1.69650e-02     2.09100e-02
1.71825e-02     2.09217e-02
1.74000e-02     2.08753e-02
1.76175e-02     2.07173e-02
1.78350e-02     2.02639e-02
1.80525e-02     1.99162e-02
1.82700e-02     1.95151e-02
1.84875e-02     1.91145e-02
1.87050e-02     1.87996e-02
1.89225e-02     1.85043e-02
1.91400e-02     1.82399e-02
1.93575e-02     1.80423e-02
1.95750e-02     1.78524e-02
1.97925e-02     1.77973e-02
2.00100e-02     1.77529e-02
2.02275e-02     1.77381e-02
2.04450e-02     1.77722e-02
2.06625e-02     1.78188e-02
2.08800e-02     1.79028e-02
2.10975e-02     1.80203e-02
2.13150e-02     1.81905e-02
2.15325e-02     1.83714e-02
2.17500e-02     1.85994e-02
2.19675e-02     1.88923e-02
2.21850e-02     1.92108e-02
2.24025e-02     1.95481e-02
2.26200e-02     1.98669e-02
2.28375e-02     2.01603e-02
2.30550e-02     2.04784e-02
2.32725e-02     2.07862e-02
2.34900e-02     2.10848e-02
2.37075e-02     2.13510e-02
2.39250e-02     2.16189e-02
2.41425e-02     2.18557e-02
2.43600e-02     2.20899e-02
2.45775e-02     2.22824e-02
2.47950e-02     2.24772e-02
2.50125e-02     2.26519e-02
2.52300e-02     2.28084e-02
2.54475e-02     2.29361e-02
2.56650e-02     2.30488e-02
2.58825e-02     2.31221e-02
2.61000e-02     2.31717e-02
2.63175e-02     2.32416e-02
2.65350e-02     2.33219e-02
2.67525e-02     2.33855e-02
2.69700e-02     2.34339e-02
2.71875e-02     2.35005e-02
2.74050e-02     2.35857e-02
2.76225e-02     2.36821e-02
2.78400e-02     2.37934e-02
2.80575e-02     2.39296e-02
2.82750e-02     2.40819e-02
2.84925e-02     2.42492e-02
2.87100e-02     2.44473e-02
2.89275e-02     2.46395e-02
2.91450e-02     2.48371e-02
2.93625e-02     2.50595e-02
2.95800e-02     2.52780e-02
2.97975e-02     2.55031e-02
3.00150e-02     2.57293e-02
3.02325e-02     2.59486e-02
3.04500e-02     2.61792e-02
3.06675e-02     2.63906e-02
3.08850e-02     2.66035e-02
3.11025e-02     2.68023e-02
3.13200e-02     2.69938e-02
3.15375e-02     2.71690e-02
3.17550e-02     2.73417e-02
3.19725e-02     2.75092e-02
3.21900e-02     2.76416e-02
3.24075e-02     2.77763e-02
3.26250e-02     2.79070e-02
3.28425e-02     2.80275e-02
3.30600e-02     2.81432e-02
3.32775e-02     2.82230e-02
3.34950e-02     2.83272e-02
3.37125e-02     2.84566e-02
3.39300e-02     2.85446e-02
3.41475e-02     2.86768e-02
3.43650e-02     2.88240e-02
3.45825e-02     2.89936e-02
3.48000e-02     2.92058e-02
3.50175e-02     2.94045e-02
3.52350e-02     2.96340e-02
3.54525e-02     2.98828e-02
3.56700e-02     3.01595e-02
3.58875e-02     3.04416e-02
3.61050e-02     3.07463e-02
3.63225e-02     3.10692e-02
3.65400e-02     3.14230e-02
3.67575e-02     3.17866e-02
3.69750e-02     3.21991e-02
3.71925e-02     3.26040e-02
3.74100e-02     3.30433e-02
3.76275e-02     3.34710e-02
3.78450e-02     3.39184e-02
3.80625e-02     3.43383e-02
3.82800e-02     3.47246e-02
3.84975e-02     3.51329e-02
3.87150e-02     3.54867e-02
3.89325e-02     3.58389e-02
3.91500e-02     3.61735e-02
3.93675e-02     3.64745e-02
3.95850e-02     3.67659e-02
3.98025e-02     3.70332e-02
4.00200e-02     3.72621e-02
4.02375e-02     3.74919e-02
4.04550e-02     3.76872e-02
4.06725e-02     3.78544e-02
4.08900e-02     3.79825e-02
4.11075e-02     3.80867e-02
4.13250e-02     3.81686e-02
4.15425e-02     3.82346e-02
4.17600e-02     3.83528e-02
4.19775e-02     3.84474e-02
4.21950e-02     3.85671e-02
4.24125e-02     3.86971e-02
4.26300e-02     3.88442e-02
4.28475e-02     3.90444e-02
4.30650e-02     3.92117e-02
4.32825e-02     3.94522e-02
4.35000e-02     3.96997e-02
4.37175e-02     3.99900e-02
4.39350e-02     4.02885e-02
4.41525e-02     4.06060e-02
4.43700e-02     4.09535e-02
4.45875e-02     4.13231e-02
4.48050e-02     4.17224e-02
4.50225e-02     4.21418e-02
4.52400e-02     4.25940e-02
4.54575e-02     4.30931e-02
4.56750e-02     4.36388e-02
4.58925e-02     4.42056e-02
4.61100e-02     4.47943e-02
4.63275e-02     4.53782e-02
4.65450e-02     4.59653e-02
4.67625e-02     4.65485e-02
4.69800e-02     4.70964e-02
4.71975e-02     4.76359e-02
4.74150e-02     4.81377e-02
4.76325e-02     4.86382e-02
4.78500e-02     4.90910e-02
4.80675e-02     4.95470e-02
4.82850e-02     4.99649e-02
4.85025e-02     5.03767e-02
4.87200e-02     5.07532e-02
4.89375e-02     5.11260e-02
4.91550e-02     5.14737e-02
4.93725e-02     5.18122e-02
4.95900e-02     5.21253e-02
4.98075e-02     5.24104e-02
5.00250e-02     5.26891e-02
5.02425e-02     5.29569e-02
5.04600e-02     5.31822e-02
5.06775e-02     5.34364e-02
5.08950e-02     5.36590e-02
5.11125e-02     5.38949e-02
5.13300e-02     5.41474e-02
5.15475e-02     5.44067e-02
5.17650e-02     5.46524e-02
5.19825e-02     5.49553e-02
5.22000e-02     5.52708e-02
5.24175e-02     5.55596e-02
5.26350e-02     5.58929e-02
5.28525e-02     5.62232e-02
5.30700e-02     5.65776e-02
5.32875e-02     5.69502e-02
5.35050e-02     5.73293e-02
5.37225e-02     5.77309e-02
5.39400e-02     5.81512e-02
5.41575e-02     5.85931e-02
5.43750e-02     5.90412e-02
5.45925e-02     5.95094e-02
5.48100e-02     5.99823e-02
5.50275e-02     6.04746e-02
5.52450e-02     6.09920e-02
5.54625e-02     6.15081e-02
5.56800e-02     6.20180e-02
5.58975e-02     6.25660e-02
5.61150e-02     6.30543e-02
5.63325e-02     6.35966e-02
5.65500e-02     6.40868e-02
5.67675e-02     6.45888e-02
5.69850e-02     6.50773e-02
5.72025e-02     6.55687e-02
5.74200e-02     6.60496e-02
5.76375e-02     6.65071e-02
5.78550e-02     6.69554e-02
5.80725e-02     6.73993e-02
5.82900e-02     6.78338e-02
5.85075e-02     6.82584e-02
5.87250e-02     6.86749e-02
5.89425e-02     6.90798e-02
5.91600e-02     6.94773e-02
5.93775e-02     6.98670e-02
5.95950e-02     7.02506e-02
5.98125e-02     7.06310e-02
6.00300e-02     7.10062e-02
6.02475e-02     7.13820e-02
6.04650e-02     7.17545e-02
6.06825e-02     7.21284e-02
6.09000e-02     7.25022e-02
6.11175e-02     7.28791e-02
6.13350e-02     7.32592e-02
6.15525e-02     7.36433e-02
6.17700e-02     7.40331e-02
6.19875e-02     7.44292e-02
6.22050e-02     7.48296e-02
6.24225e-02     7.52371e-02
6.26400e-02     7.56506e-02
6.28575e-02     7.60752e-02
6.30750e-02     7.65050e-02
6.32925e-02     7.69457e-02
6.35100e-02     7.73925e-02
6.37275e-02     7.78466e-02
6.39450e-02     7.83050e-02
6.41625e-02     7.87753e-02
6.43800e-02     7.92461e-02
6.45975e-02     7.97294e-02
6.48150e-02     8.02153e-02
6.50325e-02     8.07070e-02
6.52500e-02     8.12011e-02
6.54675e-02     8.16992e-02
6.56850e-02     8.21998e-02
6.59025e-02     8.27042e-02
6.61200e-02     8.32084e-02
6.63375e-02     8.37157e-02
6.65550e-02     8.42206e-02
6.67725e-02     8.47261e-02
6.69900e-02     8.52304e-02
6.72075e-02     8.57343e-02
6.74250e-02     8.62358e-02
6.76425e-02     8.67362e-02
6.78600e-02     8.72354e-02
6.80775e-02     8.77323e-02
6.82950e-02     8.82268e-02
6.85125e-02     8.87213e-02
6.87300e-02     8.92106e-02
6.89475e-02     8.96989e-02
6.91650e-02     9.01865e-02
6.93825e-02     9.06728e-02
6.96000e-02     9.11571e-02
6.98175e-02     9.16381e-02
7.00350e-02     9.21192e-02
7.02525e-02     9.25974e-02
7.04700e-02     9.30728e-02
7.06875e-02     9.35464e-02
7.09050e-02     9.40180e-02
7.11225e-02     9.44899e-02
7.13400e-02     9.49578e-02
7.15575e-02     9.54247e-02
7.17750e-02     9.58921e-02
7.19925e-02     9.63577e-02
7.22100e-02     9.68215e-02
7.24275e-02     9.72878e-02
7.26450e-02     9.77552e-02
7.28625e-02     9.82207e-02
7.30800e-02     9.86912e-02
7.32975e-02     9.91619e-02
7.35150e-02     9.96361e-02
7.37325e-02     1.00113e-01
7.39500e-02     1.00592e-01
7.41675e-02     1.01078e-01
7.43850e-02     1.01565e-01
7.46025e-02     1.02057e-01
7.48200e-02     1.02552e-01
7.50375e-02     1.03049e-01
7.52550e-02     1.03548e-01
7.54725e-02     1.04051e-01
7.56900e-02     1.04557e-01
7.59075e-02     1.05065e-01
7.61250e-02     1.05575e-01
7.63425e-02     1.06087e-01
7.65600e-02     1.06602e-01
7.67775e-02     1.07118e-01
7.69950e-02     1.07638e-01
7.72125e-02     1.08158e-01
7.74300e-02     1.08679e-01
7.76475e-02     1.09203e-01
7.78650e-02     1.09728e-01
7.80825e-02     1.10257e-01
7.83000e-02     1.10783e-01
7.85175e-02     1.11311e-01
7.87350e-02     1.11840e-01
7.89525e-02     1.12368e-01
7.91700e-02     1.12894e-01
7.93875e-02     1.13420e-01
7.96050e-02     1.13942e-01
7.98225e-02     1.14463e-01
8.00400e-02     1.14985e-01
8.02575e-02     1.15500e-01
8.04750e-02     1.16013e-01
8.06925e-02     1.16524e-01
8.09100e-02     1.17032e-01
8.11275e-02     1.17536e-01
8.13450e-02     1.18039e-01
8.15625e-02     1.18540e-01
8.17800e-02     1.19039e-01
8.19975e-02     1.19538e-01
8.22150e-02     1.20035e-01
8.24325e-02     1.20533e-01
8.26500e-02     1.21028e-01
8.28675e-02     1.21528e-01
8.30850e-02     1.22024e-01
8.33025e-02     1.22523e-01
8.35200e-02     1.23024e-01
8.37375e-02     1.23523e-01
8.39550e-02     1.24025e-01
8.41725e-02     1.24528e-01
8.43900e-02     1.25029e-01
8.46075e-02     1.25532e-01
8.48250e-02     1.26036e-01
8.50425e-02     1.26540e-01
8.52600e-02     1.27046e-01
8.54775e-02     1.27553e-01
8.56950e-02     1.28060e-01
8.59125e-02     1.28568e-01
8.61300e-02     1.29078e-01
8.63475e-02     1.29588e-01
8.65650e-02     1.30100e-01
8.67825e-02     1.30614e-01
8.70000e-02     1.31128e-01
8.72175e-02     1.31646e-01
8.74350e-02     1.32159e-01
8.76525e-02     1.32679e-01
8.78700e-02     1.33196e-01
8.80875e-02     1.33714e-01
8.83050e-02     1.34234e-01
8.85225e-02     1.34753e-01
8.87400e-02     1.35273e-01
8.89575e-02     1.35789e-01
8.91750e-02     1.36308e-01
8.93925e-02     1.36819e-01
8.96100e-02     1.37336e-01
8.98275e-02     1.37849e-01
9.00450e-02     1.38359e-01
9.02625e-02     1.38868e-01
9.04800e-02     1.39376e-01
9.06975e-02     1.39883e-01
9.09150e-02     1.40387e-01
9.11325e-02     1.40891e-01
9.13500e-02     1.41393e-01
9.15675e-02     1.41891e-01
9.17850e-02     1.42393e-01
9.20025e-02     1.42889e-01
9.22200e-02     1.43386e-01
9.24375e-02     1.43880e-01
9.26550e-02     1.44374e-01
9.28725e-02     1.44867e-01
9.30900e-02     1.45357e-01
9.33075e-02     1.45848e-01
9.35250e-02     1.46340e-01
9.37425e-02     1.46825e-01
9.39600e-02     1.47313e-01
9.41775e-02     1.47796e-01
9.43950e-02     1.48283e-01
9.46125e-02     1.48766e-01
9.48300e-02     1.49247e-01
9.50475e-02     1.49727e-01
9.52650e-02     1.50208e-01
9.54825e-02     1.50688e-01
9.57000e-02     1.51169e-01
9.59175e-02     1.51648e-01
9.61350e-02     1.52128e-01
9.63525e-02     1.52606e-01
9.65700e-02     1.53083e-01
9.67875e-02     1.53563e-01
9.70050e-02     1.54042e-01
9.72225e-02     1.54521e-01
9.74400e-02     1.54999e-01
9.76575e-02     1.55475e-01
9.78750e-02     1.55955e-01
9.80925e-02     1.56430e-01
9.83100e-02     1.56907e-01
9.85275e-02     1.57384e-01
9.87450e-02     1.57859e-01
9.89625e-02     1.58331e-01
9.91800e-02     1.58805e-01
9.93975e-02     1.59277e-01
9.96150e-02     1.59748e-01
9.98325e-02     1.60217e-01
1.00050e-01     1.60683e-01
1.00267e-01     1.61150e-01
1.00485e-01     1.61613e-01
1.00702e-01     1.62075e-01
1.00920e-01     1.62536e-01
1.01137e-01     1.62996e-01
1.01355e-01     1.63451e-01
1.01572e-01     1.63907e-01
1.01790e-01     1.64361e-01
1.02007e-01     1.64814e-01
1.02225e-01     1.65263e-01
1.02442e-01     1.65710e-01
1.02660e-01     1.66153e-01
1.02877e-01     1.66598e-01
1.03095e-01     1.67040e-01
1.03312e-01     1.67479e-01
1.03530e-01     1.67916e-01
1.03747e-01     1.68351e-01
1.03965e-01     1.68784e-01
1.04182e-01     1.69215e-01
1.04400e-01     1.69643e-01
1.04617e-01     1.70072e-01
1.04835e-01     1.70495e-01
1.05052e-01     1.70919e-01
1.05270e-01     1.71341e-01
1.05487e-01     1.71763e-01
1.05705e-01     1.72178e-01
1.05922e-01     1.72596e-01
1.06140e-01     1.73011e-01
1.06357e-01     1.73422e-01
1.06575e-01     1.73819e-01
1.06792e-01     1.74223e-01
1.07010e-01     1.74624e-01
1.07227e-01     1.75039e-01
1.07445e-01     1.75443e-01
1.07662e-01     1.75846e-01
1.07880e-01     1.76231e-01
1.08097e-01     1.76641e-01
1.08315e-01     1.77038e-01
1.08532e-01     1.77432e-01
1.08750e-01     1.77811e-01
1.08967e-01     1.78196e-01
1.09185e-01     1.78577e-01
1.09402e-01     1.78960e-01
1.09620e-01     1.79340e-01
1.09837e-01     1.79743e-01
1.10055e-01     1.80097e-01
1.10272e-01     1.80472e-01
1.10490e-01     1.80849e-01
1.10707e-01     1.81209e-01
1.10925e-01     1.81580e-01
1.11142e-01     1.81943e-01
1.11360e-01     1.82312e-01
1.11577e-01     1.82664e-01
1.11795e-01     1.83024e-01
1.12012e-01     1.83380e-01
1.12230e-01     1.83732e-01
1.12447e-01     1.84084e-01
1.12665e-01     1.84428e-01
1.12882e-01     1.84775e-01
1.13100e-01     1.85138e-01
1.13317e-01     1.85466e-01
1.13535e-01     1.85818e-01
1.13752e-01     1.86159e-01
1.13970e-01     1.86497e-01
1.14187e-01     1.86815e-01
1.14405e-01     1.87139e-01
1.14622e-01     1.87457e-01
1.14840e-01     1.87787e-01
1.15057e-01     1.88092e-01
1.15275e-01     1.88414e-01
1.15492e-01     1.88721e-01
1.15710e-01     1.89027e-01
1.15927e-01     1.89334e-01
1.16145e-01     1.89636e-01
1.16362e-01     1.89936e-01
1.16580e-01     1.90232e-01
1.16797e-01     1.90555e-01
1.17015e-01     1.90843e-01
1.17232e-01     1.91139e-01
1.17450e-01     1.91435e-01
1.17667e-01     1.91719e-01
1.17885e-01     1.92002e-01
1.18102e-01     1.92285e-01
1.18320e-01     1.92538e-01
1.18537e-01     1.92833e-01
1.18755e-01     1.93103e-01
1.18972e-01     1.93354e-01
1.19190e-01     1.93610e-01
1.19407e-01     1.93892e-01
1.19625e-01     1.94130e-01
1.19842e-01     1.94403e-01
1.20060e-01     1.94661e-01
1.20277e-01     1.94910e-01
1.20495e-01     1.95149e-01
1.20712e-01     1.95404e-01
1.20930e-01     1.95646e-01
1.21147e-01     1.95877e-01
1.21365e-01     1.96122e-01
1.21582e-01     1.96347e-01
1.21800e-01     1.96575e-01
1.22017e-01     1.96799e-01
1.22235e-01     1.97021e-01
1.22452e-01     1.97242e-01
1.22670e-01     1.97449e-01
1.22887e-01     1.97663e-01
1.23105e-01     1.97866e-01
1.23322e-01     1.98070e-01
1.23540e-01     1.98271e-01
1.23757e-01     1.98465e-01
1.23975e-01     1.98657e-01
1.24192e-01     1.98848e-01
1.24410e-01     1.99031e-01
1.24627e-01     1.99204e-01
1.24845e-01     1.99387e-01
1.25062e-01     1.99549e-01
1.25280e-01     1.99725e-01
1.25497e-01     1.99886e-01
1.25715e-01     2.00047e-01
1.25932e-01     2.00195e-01
1.26150e-01     2.00380e-01
1.26367e-01     2.00505e-01
1.26585e-01     2.00643e-01
1.26802e-01     2.00811e-01
1.27020e-01     2.00957e-01
1.27237e-01     2.01058e-01
1.27455e-01     2.01219e-01
1.27672e-01     2.01316e-01
1.27890e-01     2.01460e-01
1.28107e-01     2.01552e-01
1.28325e-01     2.01695e-01
1.28542e-01     2.01807e-01
1.28760e-01     2.01922e-01
1.28977e-01     2.02020e-01
1.29195e-01     2.02125e-01
1.29412e-01     2.02216e-01
1.29630e-01     2.02322e-01
1.29847e-01     2.02403e-01
1.30065e-01     2.02496e-01
1.30282e-01     2.02572e-01
1.30500e-01     2.02648e-01
1.30717e-01     2.02721e-01
1.30935e-01     2.02791e-01
1.31152e-01     2.02848e-01
1.31370e-01     2.02914e-01
1.31587e-01     2.02961e-01
1.31805e-01     2.03017e-01
1.32022e-01     2.03055e-01
1.32240e-01     2.03102e-01
1.32457e-01     2.03130e-01
1.32675e-01     2.03163e-01
1.32892e-01     2.03187e-01
1.33110e-01     2.03206e-01
1.33327e-01     2.03255e-01
1.33545e-01     2.03231e-01
1.33762e-01     2.03269e-01
1.33980e-01     2.03270e-01
1.34197e-01     2.03288e-01
1.34415e-01     2.03259e-01
1.34632e-01     2.03246e-01
1.34850e-01     2.03225e-01
1.35067e-01     2.03205e-01
1.35285e-01     2.03175e-01
1.35502e-01     2.03143e-01
1.35720e-01     2.03106e-01
1.35937e-01     2.03059e-01
1.36155e-01     2.03015e-01
1.36372e-01     2.02966e-01
1.36590e-01     2.02907e-01
1.36807e-01     2.02853e-01
1.37025e-01     2.02778e-01
1.37242e-01     2.02712e-01
1.37460e-01     2.02639e-01
1.37677e-01     2.02553e-01
1.37895e-01     2.02471e-01
1.38112e-01     2.02380e-01
1.38330e-01     2.02295e-01
1.38547e-01     2.02187e-01
1.38765e-01     2.02085e-01
1.38982e-01     2.02036e-01
1.39200e-01     2.01907e-01
1.39417e-01     2.01792e-01
1.39635e-01     2.01668e-01
1.39852e-01     2.01548e-01
1.40070e-01     2.01389e-01
1.40287e-01     2.01282e-01
1.40505e-01     2.01147e-01
1.40722e-01     2.00995e-01
1.40940e-01     2.00845e-01
1.41157e-01     2.00687e-01
1.41375e-01     2.00522e-01
1.41592e-01     2.00354e-01
1.41810e-01     2.00175e-01
1.42027e-01     1.99994e-01
1.42245e-01     1.99802e-01
1.42462e-01     1.99605e-01
1.42680e-01     1.99404e-01
1.42897e-01     1.99196e-01
1.43115e-01     1.98975e-01
1.43332e-01     1.98781e-01
1.43550e-01     1.98556e-01
1.43767e-01     1.98302e-01
1.43985e-01     1.98065e-01
1.44202e-01     1.97821e-01
1.44420e-01     1.97571e-01
1.44637e-01     1.97317e-01
1.44855e-01     1.97059e-01
1.45072e-01     1.96794e-01
1.45290e-01     1.96518e-01
1.45507e-01     1.96247e-01
1.45725e-01     1.95964e-01
1.45942e-01     1.95675e-01
1.46160e-01     1.95381e-01
1.46377e-01     1.95081e-01
1.46595e-01     1.94775e-01
1.46812e-01     1.94458e-01
1.47030e-01     1.94140e-01
1.47248e-01     1.93815e-01
1.47465e-01     1.93484e-01
1.47682e-01     1.93147e-01
1.47900e-01     1.92803e-01
1.48118e-01     1.92455e-01
1.48335e-01     1.92100e-01
1.48553e-01     1.91746e-01
1.48770e-01     1.91374e-01
1.48987e-01     1.90994e-01
1.49205e-01     1.90630e-01
1.49423e-01     1.90252e-01
1.49640e-01     1.89863e-01
1.49858e-01     1.89464e-01
1.50075e-01     1.89061e-01
1.50293e-01     1.88656e-01
1.50510e-01     1.88236e-01
1.50728e-01     1.87818e-01
1.50945e-01     1.87379e-01
1.51163e-01     1.86957e-01
1.51380e-01     1.86502e-01
1.51598e-01     1.86066e-01
1.51815e-01     1.85606e-01
1.52033e-01     1.85137e-01
1.52250e-01     1.84675e-01
1.52468e-01     1.84199e-01
1.52685e-01     1.83722e-01
1.52903e-01     1.83233e-01
1.53120e-01     1.82740e-01
1.53338e-01     1.82239e-01
1.53555e-01     1.81735e-01
1.53773e-01     1.81218e-01
1.53990e-01     1.80697e-01
1.54208e-01     1.80171e-01
1.54425e-01     1.79636e-01
1.54643e-01     1.79093e-01
1.54860e-01     1.78544e-01
1.55078e-01     1.77987e-01
1.55295e-01     1.77425e-01
1.55513e-01     1.76855e-01
1.55730e-01     1.76279e-01
1.55948e-01     1.75694e-01
1.56165e-01     1.75100e-01
1.56383e-01     1.74502e-01
1.56600e-01     1.73893e-01
1.56818e-01     1.73277e-01
1.57035e-01     1.72657e-01
1.57253e-01     1.72028e-01
1.57470e-01     1.71391e-01
1.57688e-01     1.70748e-01
1.57905e-01     1.70100e-01
1.58123e-01     1.69445e-01
1.58340e-01     1.68784e-01
1.58558e-01     1.68115e-01
1.58775e-01     1.67439e-01
1.58993e-01     1.66757e-01
1.59210e-01     1.66070e-01
1.59428e-01     1.65375e-01
1.59645e-01     1.64675e-01
1.59863e-01     1.63971e-01
1.60080e-01     1.63257e-01
1.60298e-01     1.62540e-01
1.60515e-01     1.61814e-01
1.60733e-01     1.61089e-01
1.60950e-01     1.60340e-01
1.61168e-01     1.59593e-01
1.61385e-01     1.58840e-01
1.61603e-01     1.58078e-01
1.61820e-01     1.57311e-01
1.62038e-01     1.56536e-01
1.62255e-01     1.55755e-01
1.62473e-01     1.54966e-01
1.62690e-01     1.54165e-01
1.62908e-01     1.53360e-01
1.63125e-01     1.52549e-01
1.63343e-01     1.51728e-01
1.63560e-01     1.50902e-01
1.63778e-01     1.50068e-01
1.63995e-01     1.49228e-01
1.64213e-01     1.48384e-01
1.64430e-01     1.47525e-01
1.64648e-01     1.46663e-01
1.64865e-01     1.45797e-01
1.65083e-01     1.44922e-01
1.65300e-01     1.44043e-01
1.65518e-01     1.43154e-01
1.65735e-01     1.42263e-01
1.65953e-01     1.41359e-01
1.66170e-01     1.40452e-01
1.66388e-01     1.39536e-01
1.66605e-01     1.38618e-01
1.66823e-01     1.37689e-01
1.67040e-01     1.36755e-01
1.67258e-01     1.35812e-01
1.67475e-01     1.34863e-01
1.67693e-01     1.33909e-01
1.67910e-01     1.32947e-01
1.68128e-01     1.31973e-01
1.68345e-01     1.30990e-01
1.68563e-01     1.30002e-01
1.68780e-01     1.29005e-01
1.68998e-01     1.28004e-01
1.69215e-01     1.26996e-01
1.69433e-01     1.25980e-01
1.69650e-01     1.24960e-01
1.69868e-01     1.23931e-01
1.70085e-01     1.22895e-01
1.70303e-01     1.21856e-01
1.70520e-01     1.20810e-01
1.70738e-01     1.19756e-01
1.70955e-01     1.18698e-01
1.71173e-01     1.17635e-01
1.71390e-01     1.16568e-01
1.71608e-01     1.15494e-01
1.71825e-01     1.14417e-01
1.72043e-01     1.13334e-01
1.72260e-01     1.12230e-01
1.72478e-01     1.11131e-01
1.72695e-01     1.10023e-01
1.72913e-01     1.08915e-01
1.73130e-01     1.07799e-01
1.73348e-01     1.06675e-01
1.73565e-01     1.05552e-01
1.73783e-01     1.04425e-01
1.74000e-01     1.03295e-01
1.74218e-01     1.02159e-01
1.74435e-01     1.01019e-01
1.74653e-01     9.98737e-02
1.74870e-01     9.87280e-02
1.75088e-01     9.75714e-02
1.75305e-01     9.63894e-02
1.75523e-01     9.52332e-02
1.75740e-01     9.40604e-02
1.75958e-01     9.28624e-02
1.76175e-01     9.16687e-02
1.76393e-01     9.04676e-02
1.76610e-01     8.92603e-02
1.76828e-01     8.80529e-02
1.77045e-01     8.68327e-02
1.77263e-01     8.55999e-02
1.77480e-01     8.43738e-02
1.77698e-01     8.31456e-02
1.77915e-01     8.19086e-02
1.78133e-01     8.06718e-02
1.78350e-01     7.94288e-02
1.78568e-01     7.81697e-02
1.78785e-01     7.69241e-02
1.79003e-01     7.57007e-02
1.79220e-01     7.44381e-02
1.79438e-01     7.31953e-02
1.79655e-01     7.19544e-02
1.79873e-01     7.07323e-02
1.80090e-01     6.95000e-02
1.80308e-01     6.82464e-02
1.80525e-01     6.70318e-02
1.80743e-01     6.58018e-02
1.80960e-01     6.45786e-02
1.81178e-01     6.33466e-02
1.81395e-01     6.21105e-02
1.81613e-01     6.08867e-02
1.81830e-01     5.96433e-02
1.82048e-01     5.84157e-02
1.82265e-01     5.71685e-02
1.82483e-01     5.59044e-02
1.82700e-01     5.46737e-02
1.82918e-01     5.34217e-02
1.83135e-01     5.21506e-02
1.83353e-01     5.08831e-02
1.83570e-01     4.95997e-02
1.83788e-01     4.83350e-02
1.84005e-01     4.70495e-02
1.84223e-01     4.57712e-02
1.84440e-01     4.44978e-02
1.84658e-01     4.32018e-02
1.84875e-01     4.19217e-02
1.85093e-01     4.06386e-02
1.85310e-01     3.93574e-02
1.85528e-01     3.80594e-02
1.85745e-01     3.67742e-02
1.85963e-01     3.55261e-02
1.86180e-01     3.42216e-02
1.86398e-01     3.29744e-02
1.86615e-01     3.17266e-02
1.86833e-01     3.04564e-02
1.87050e-01     2.92179e-02
1.87268e-01     2.79685e-02
1.87485e-01     2.67356e-02
1.87703e-01     2.54953e-02
1.87920e-01     2.42727e-02
1.88138e-01     2.30495e-02
1.88355e-01     2.18352e-02
1.88573e-01     2.06151e-02
1.88790e-01     1.94058e-02
1.89008e-01     1.81976e-02
1.89225e-01     1.69943e-02
1.89443e-01     1.57914e-02
1.89660e-01     1.45913e-02
1.89878e-01     1.33915e-02
1.90095e-01     1.21877e-02
1.90313e-01     1.09982e-02
1.90530e-01     9.79307e-03
1.90748e-01     8.59835e-03
1.90965e-01     7.40206e-03
1.91183e-01     6.20590e-03
1.91400e-01     5.02250e-03
1.91618e-01     3.82716e-03
1.91835e-01     2.62882e-03
1.92053e-01     1.45156e-03
1.92270e-01     2.62722e-04
1.92488e-01     -9.16524e-04
1.92705e-01     -2.10164e-03
1.92923e-01     -3.27222e-03
1.93140e-01     -4.43737e-03
1.93358e-01     -5.60371e-03
1.93575e-01     -6.76338e-03
1.93793e-01     -7.91543e-03
1.94010e-01     -9.05786e-03
1.94228e-01     -1.02039e-02
1.94445e-01     -1.13300e-02
1.94663e-01     -1.24713e-02
1.94880e-01     -1.35871e-02
1.95098e-01     -1.47058e-02
1.95315e-01     -1.58065e-02
1.95533e-01     -1.69164e-02
1.95750e-01     -1.79965e-02
1.95968e-01     -1.90936e-02
1.96185e-01     -2.01601e-02
1.96403e-01     -2.12315e-02
1.96620e-01     -2.22761e-02
1.96838e-01     -2.33202e-02
1.97055e-01     -2.43524e-02
1.97273e-01     -2.53874e-02
1.97490e-01     -2.64121e-02
1.97708e-01     -2.74323e-02
1.97925e-01     -2.84468e-02
1.98143e-01     -2.94557e-02
1.98360e-01     -3.04604e-02
1.98578e-01     -3.14593e-02
1.98795e-01     -3.24547e-02
1.99013e-01     -3.34464e-02
1.99230e-01     -3.44341e-02
1.99448e-01     -3.54435e-02
1.99665e-01     -3.63991e-02
1.99883e-01     -3.73763e-02
2.00100e-01     -3.83457e-02
2.00318e-01     -3.93161e-02
2.00535e-01     -4.02652e-02
2.00753e-01     -4.12265e-02
2.00970e-01     -4.21626e-02
2.01188e-01     -4.31054e-02
2.01405e-01     -4.40452e-02
2.01623e-01     -4.49671e-02
2.01840e-01     -4.58741e-02
2.02058e-01     -4.67862e-02
2.02275e-01     -4.76842e-02
2.02493e-01     -4.85745e-02
2.02710e-01     -4.94548e-02
2.02928e-01     -5.03289e-02
2.03145e-01     -5.11883e-02
2.03363e-01     -5.20383e-02
2.03580e-01     -5.28837e-02
2.03798e-01     -5.37140e-02
2.04015e-01     -5.45348e-02
2.04233e-01     -5.53461e-02
2.04450e-01     -5.61390e-02
2.04668e-01     -5.69432e-02
2.04885e-01     -5.77230e-02
2.05103e-01     -5.84628e-02
2.05320e-01     -5.92271e-02
2.05538e-01     -5.99816e-02
2.05755e-01     -6.07193e-02
2.05973e-01     -6.14441e-02
2.06190e-01     -6.21696e-02
2.06408e-01     -6.28833e-02
2.06625e-01     -6.36129e-02
2.06843e-01     -6.43016e-02
2.07060e-01     -6.49830e-02
2.07278e-01     -6.56593e-02
2.07495e-01     -6.63341e-02
2.07713e-01     -6.69987e-02
2.07930e-01     -6.76554e-02
2.08148e-01     -6.83042e-02
2.08365e-01     -6.89436e-02
2.08583e-01     -6.95801e-02
2.08800e-01     -7.02048e-02
2.09018e-01     -7.08139e-02
2.09235e-01     -7.14288e-02
2.09453e-01     -7.20254e-02
2.09670e-01     -7.26144e-02
2.09888e-01     -7.31965e-02
2.10105e-01     -7.37642e-02
2.10323e-01     -7.43240e-02
2.10540e-01     -7.48740e-02
2.10758e-01     -7.54062e-02
2.10975e-01     -7.59431e-02
2.11193e-01     -7.64538e-02
2.11410e-01     -7.69597e-02
2.11628e-01     -7.74561e-02
2.11845e-01     -7.79325e-02
2.12063e-01     -7.84270e-02
2.12280e-01     -7.88625e-02
2.12498e-01     -7.93014e-02
2.12715e-01     -7.97648e-02
2.12933e-01     -8.01614e-02
2.13150e-01     -8.05665e-02
2.13368e-01     -8.09620e-02
2.13585e-01     -8.13180e-02
2.13803e-01     -8.16713e-02
2.14020e-01     -8.20598e-02
2.14238e-01     -8.23731e-02
2.14455e-01     -8.26940e-02
2.14673e-01     -8.30070e-02
2.14890e-01     -8.33164e-02
2.15108e-01     -8.36020e-02
2.15325e-01     -8.38838e-02
2.15543e-01     -8.41454e-02
2.15760e-01     -8.44064e-02
2.15978e-01     -8.46620e-02
2.16195e-01     -8.48895e-02
2.16413e-01     -8.51280e-02
2.16630e-01     -8.53405e-02
2.16848e-01     -8.55587e-02
2.17065e-01     -8.57517e-02
2.17283e-01     -8.59519e-02
2.17500e-01     -8.61270e-02
2.17718e-01     -8.63019e-02
2.17935e-01     -8.64796e-02
2.18153e-01     -8.66433e-02
2.18370e-01     -8.67695e-02
2.18588e-01     -8.69055e-02
2.18805e-01     -8.70279e-02
2.19023e-01     -8.71384e-02
2.19240e-01     -8.72719e-02
2.19458e-01     -8.73313e-02
2.19675e-01     -8.74082e-02
2.19893e-01     -8.74625e-02
2.20110e-01     -8.75471e-02
2.20328e-01     -8.75545e-02
2.20545e-01     -8.76017e-02
2.20763e-01     -8.75852e-02
2.20980e-01     -8.75741e-02
2.21198e-01     -8.75513e-02
2.21415e-01     -8.75144e-02
2.21633e-01     -8.74554e-02
2.21850e-01     -8.73926e-02
2.22068e-01     -8.73105e-02
2.22285e-01     -8.72143e-02
2.22503e-01     -8.71051e-02
2.22720e-01     -8.69758e-02
2.22938e-01     -8.68410e-02
2.23155e-01     -8.66935e-02
2.23373e-01     -8.65222e-02
2.23590e-01     -8.63456e-02
2.23808e-01     -8.61558e-02
2.24025e-01     -8.59545e-02
2.24243e-01     -8.57411e-02
2.24460e-01     -8.55246e-02
2.24678e-01     -8.52849e-02
2.24895e-01     -8.50416e-02
2.25113e-01     -8.47865e-02
2.25330e-01     -8.45447e-02
2.25548e-01     -8.42557e-02
2.25765e-01     -8.39746e-02
2.25983e-01     -8.36862e-02
2.26200e-01     -8.33812e-02
2.26418e-01     -8.30740e-02
2.26635e-01     -8.27561e-02
2.26853e-01     -8.24337e-02
2.27070e-01     -8.20905e-02
2.27288e-01     -8.17449e-02
2.27505e-01     -8.14061e-02
2.27723e-01     -8.10300e-02
2.27940e-01     -8.06449e-02
2.28158e-01     -8.02468e-02
2.28375e-01     -7.98282e-02
2.28593e-01     -7.94057e-02
2.28810e-01     -7.89657e-02
2.29028e-01     -7.85153e-02
2.29245e-01     -7.80484e-02
2.29463e-01     -7.75640e-02
2.29680e-01     -7.70638e-02
2.29898e-01     -7.65513e-02
2.30115e-01     -7.60240e-02
2.30333e-01     -7.54786e-02
2.30550e-01     -7.49130e-02
2.30768e-01     -7.43446e-02
2.30985e-01     -7.37538e-02
2.31203e-01     -7.31508e-02
2.31420e-01     -7.25358e-02
2.31638e-01     -7.19074e-02
2.31855e-01     -7.12761e-02
2.32073e-01     -7.06187e-02
2.32290e-01     -6.99599e-02
2.32508e-01     -6.92809e-02
2.32725e-01     -6.86021e-02
2.32943e-01     -6.79099e-02
2.33160e-01     -6.72052e-02
2.33378e-01     -6.64984e-02
2.33595e-01     -6.57846e-02
2.33813e-01     -6.50568e-02
2.34030e-01     -6.43182e-02
2.34248e-01     -6.35833e-02
2.34465e-01     -6.28370e-02
2.34683e-01     -6.20839e-02
2.34900e-01     -6.13229e-02
2.35118e-01     -6.05559e-02
2.35335e-01     -5.97992e-02
2.35553e-01     -5.89878e-02
2.35770e-01     -5.81961e-02
2.35988e-01     -5.73988e-02
2.36205e-01     -5.65709e-02
2.36423e-01     -5.57475e-02
2.36640e-01     -5.49090e-02
2.36858e-01     -5.40602e-02
2.37075e-01     -5.31936e-02
2.37293e-01     -5.23185e-02
2.37510e-01     -5.14304e-02
2.37728e-01     -5.05287e-02
2.37945e-01     -4.96102e-02
2.38163e-01     -4.86882e-02
2.38380e-01     -4.77429e-02
2.38598e-01     -4.67888e-02
2.38815e-01     -4.58234e-02
2.39033e-01     -4.48411e-02
2.39250e-01     -4.38562e-02
2.39468e-01     -4.28403e-02
2.39685e-01     -4.18221e-02
2.39903e-01     -4.07936e-02
2.40120e-01     -3.97587e-02
2.40338e-01     -3.87106e-02
2.40555e-01     -3.76549e-02
2.40773e-01     -3.65875e-02
2.40990e-01     -3.55171e-02
2.41208e-01     -3.44387e-02
2.41425e-01     -3.33492e-02
2.41643e-01     -3.22636e-02
2.41860e-01     -3.11573e-02
2.42078e-01     -3.00576e-02
2.42295e-01     -2.89424e-02
2.42513e-01     -2.78386e-02
2.42730e-01     -2.67178e-02
2.42948e-01     -2.55907e-02
2.43165e-01     -2.44620e-02
2.43383e-01     -2.33280e-02
2.43600e-01     -2.21897e-02
2.43818e-01     -2.10477e-02
2.44035e-01     -1.99003e-02
2.44253e-01     -1.87501e-02
2.44470e-01     -1.75917e-02
2.44688e-01     -1.64321e-02
2.44905e-01     -1.52632e-02
2.45123e-01     -1.40895e-02
2.45340e-01     -1.29098e-02
2.45558e-01     -1.17206e-02
2.45775e-01     -1.05261e-02
2.45993e-01     -9.32483e-03
2.46210e-01     -8.11591e-03
2.46428e-01     -6.89829e-03
2.46645e-01     -5.66892e-03
2.46863e-01     -4.43447e-03
2.47080e-01     -3.19247e-03
2.47298e-01     -1.94078e-03
2.47515e-01     -6.88962e-04
2.47733e-01     5.73699e-04
2.47950e-01     1.83732e-03
2.48168e-01     3.11190e-03
2.48385e-01     4.38818e-03
2.48603e-01     5.67041e-03
2.48820e-01     6.94884e-03
2.49038e-01     8.23355e-03
2.49255e-01     9.51626e-03
2.49473e-01     1.08010e-02
2.49690e-01     1.20877e-02
2.49908e-01     1.33736e-02
2.50125e-01     1.46588e-02
2.50343e-01     1.59424e-02
2.50560e-01     1.72217e-02
2.50778e-01     1.85060e-02
2.50995e-01     1.97872e-02
2.51213e-01     2.10647e-02
2.51430e-01     2.23439e-02
2.51648e-01     2.36199e-02
2.51865e-01     2.48969e-02
2.52083e-01     2.61709e-02
2.52300e-01     2.74455e-02
2.52518e-01     2.87176e-02
2.52735e-01     2.99898e-02
2.52953e-01     3.12607e-02
2.53170e-01     3.25315e-02
2.53388e-01     3.38045e-02
2.53605e-01     3.50733e-02
2.53823e-01     3.63428e-02
2.54040e-01     3.76144e-02
2.54258e-01     3.88813e-02
2.54475e-01     4.01491e-02
2.54693e-01     4.14149e-02
2.54910e-01     4.26820e-02
2.55128e-01     4.39447e-02
2.55345e-01     4.52073e-02
2.55563e-01     4.64661e-02
2.55780e-01     4.77213e-02
2.55998e-01     4.89742e-02
2.56215e-01     5.02246e-02
2.56433e-01     5.14711e-02
2.56650e-01     5.27108e-02
2.56868e-01     5.39460e-02
2.57085e-01     5.51771e-02
2.57303e-01     5.63984e-02
2.57520e-01     5.76176e-02
2.57738e-01     5.88263e-02
2.57955e-01     6.00340e-02
2.58173e-01     6.12313e-02
2.58390e-01     6.24215e-02
2.58608e-01     6.36027e-02
2.58825e-01     6.47800e-02
2.59043e-01     6.59465e-02
2.59260e-01     6.71187e-02
2.59478e-01     6.82655e-02
2.59695e-01     6.94064e-02
2.59913e-01     7.05422e-02
2.60130e-01     7.16682e-02
2.60348e-01     7.27859e-02
2.60565e-01     7.39003e-02
2.60783e-01     7.50043e-02
2.61000e-01     7.60995e-02
2.61218e-01     7.71899e-02
2.61435e-01     7.82710e-02
2.61653e-01     7.93444e-02
2.61870e-01     8.04175e-02
2.62088e-01     8.14725e-02
2.62305e-01     8.25240e-02
2.62523e-01     8.35675e-02
2.62740e-01     8.46005e-02
2.62958e-01     8.56288e-02
2.63175e-01     8.66410e-02
2.63393e-01     8.76512e-02
2.63610e-01     8.86493e-02
2.63828e-01     8.96401e-02
2.64045e-01     9.06244e-02
2.64263e-01     9.15894e-02
2.64480e-01     9.25513e-02
2.64698e-01     9.35019e-02
2.64915e-01     9.44459e-02
2.65133e-01     9.53684e-02
2.65350e-01     9.62926e-02
2.65568e-01     9.71957e-02
2.65785e-01     9.80859e-02
2.66003e-01     9.89726e-02
2.66220e-01     9.98413e-02
2.66438e-01     1.00698e-01
2.66655e-01     1.01542e-01
2.66873e-01     1.02375e-01
2.67090e-01     1.03192e-01
2.67308e-01     1.03992e-01
2.67525e-01     1.04793e-01
2.67743e-01     1.05573e-01
2.67960e-01     1.06332e-01
2.68178e-01     1.07091e-01
2.68395e-01     1.07832e-01
2.68613e-01     1.08564e-01
2.68830e-01     1.09273e-01
2.69048e-01     1.09988e-01
2.69265e-01     1.10670e-01
2.69483e-01     1.11355e-01
2.69700e-01     1.12024e-01
2.69918e-01     1.12686e-01
2.70135e-01     1.13321e-01
2.70353e-01     1.13954e-01
2.70570e-01     1.14579e-01
2.70788e-01     1.15173e-01
2.71005e-01     1.15770e-01
2.71223e-01     1.16337e-01
2.71440e-01     1.16900e-01
2.71658e-01     1.17451e-01
2.71875e-01     1.17981e-01
2.72093e-01     1.18492e-01
2.72310e-01     1.19012e-01
2.72528e-01     1.19481e-01
2.72745e-01     1.19947e-01
2.72963e-01     1.20397e-01
2.73180e-01     1.20832e-01
2.73398e-01     1.21250e-01
2.73615e-01     1.21654e-01
2.73833e-01     1.22038e-01
2.74050e-01     1.22415e-01
2.74268e-01     1.22768e-01
2.74485e-01     1.23110e-01
2.74703e-01     1.23430e-01
2.74920e-01     1.23753e-01
2.75138e-01     1.24042e-01
2.75355e-01     1.24320e-01
2.75573e-01     1.24592e-01
2.75790e-01     1.24839e-01
2.76008e-01     1.25084e-01
2.76225e-01     1.25297e-01
2.76443e-01     1.25511e-01
2.76660e-01     1.25707e-01
2.76878e-01     1.25878e-01
2.77095e-01     1.26048e-01
2.77313e-01     1.26189e-01
2.77530e-01     1.26324e-01
2.77748e-01     1.26439e-01
2.77965e-01     1.26536e-01
2.78183e-01     1.26621e-01
2.78400e-01     1.26714e-01
2.78618e-01     1.26733e-01
2.78835e-01     1.26767e-01
2.79053e-01     1.26798e-01
2.79270e-01     1.26774e-01
2.79488e-01     1.26754e-01
2.79705e-01     1.26712e-01
2.79923e-01     1.26649e-01
2.80140e-01     1.26575e-01
2.80358e-01     1.26485e-01
2.80575e-01     1.26366e-01
2.80793e-01     1.26244e-01
2.81010e-01     1.26102e-01
2.81228e-01     1.25966e-01
2.81445e-01     1.25790e-01
2.81663e-01     1.25602e-01
2.81880e-01     1.25395e-01
2.82098e-01     1.25176e-01
2.82315e-01     1.24932e-01
2.82533e-01     1.24674e-01
2.82750e-01     1.24401e-01
2.82968e-01     1.24112e-01
2.83185e-01     1.23808e-01
2.83403e-01     1.23482e-01
2.83620e-01     1.23142e-01
2.83838e-01     1.22782e-01
2.84055e-01     1.22405e-01
2.84273e-01     1.22011e-01
2.84490e-01     1.21599e-01
2.84708e-01     1.21172e-01
2.84925e-01     1.20727e-01
2.85143e-01     1.20264e-01
2.85360e-01     1.19778e-01
2.85578e-01     1.19282e-01
2.85795e-01     1.18770e-01
2.86013e-01     1.18235e-01
2.86230e-01     1.17676e-01
2.86448e-01     1.17113e-01
2.86665e-01     1.16529e-01
2.86883e-01     1.15924e-01
2.87100e-01     1.15302e-01
2.87318e-01     1.14674e-01
2.87535e-01     1.14019e-01
2.87753e-01     1.13374e-01
2.87970e-01     1.12664e-01
2.88188e-01     1.11959e-01
2.88405e-01     1.11240e-01
2.88623e-01     1.10504e-01
2.88840e-01     1.09755e-01
2.89058e-01     1.08985e-01
2.89275e-01     1.08200e-01
2.89493e-01     1.07422e-01
2.89710e-01     1.06582e-01
2.89928e-01     1.05746e-01
2.90145e-01     1.04900e-01
2.90363e-01     1.04032e-01
2.90580e-01     1.03179e-01
2.90798e-01     1.02278e-01
2.91015e-01     1.01361e-01
2.91233e-01     1.00436e-01
2.91450e-01     9.94995e-02
2.91668e-01     9.85348e-02
2.91885e-01     9.75609e-02
2.92103e-01     9.65710e-02
2.92320e-01     9.55654e-02
2.92538e-01     9.45423e-02
2.92755e-01     9.35065e-02
2.92973e-01     9.24534e-02
2.93190e-01     9.13833e-02
2.93408e-01     9.02932e-02
2.93625e-01     8.91860e-02
2.93843e-01     8.80681e-02
2.94060e-01     8.69331e-02
2.94278e-01     8.57850e-02
2.94495e-01     8.46207e-02
2.94713e-01     8.34416e-02
2.94930e-01     8.22466e-02
2.95148e-01     8.10320e-02
2.95365e-01     7.98075e-02
2.95583e-01     7.85703e-02
2.95800e-01     7.73116e-02
2.96018e-01     7.60487e-02
2.96235e-01     7.47638e-02
2.96453e-01     7.34748e-02
2.96670e-01     7.21665e-02
2.96888e-01     7.08495e-02
2.97105e-01     6.95178e-02
2.97323e-01     6.81781e-02
2.97540e-01     6.68309e-02
2.97758e-01     6.54607e-02
2.97975e-01     6.40893e-02
2.98193e-01     6.27081e-02
2.98410e-01     6.13151e-02
2.98628e-01     5.99127e-02
2.98845e-01     5.85026e-02
2.99063e-01     5.70836e-02
2.99280e-01     5.56460e-02
2.99498e-01     5.41963e-02
2.99715e-01     5.27431e-02
2.99933e-01     5.12860e-02
3.00150e-01     4.98043e-02
3.00368e-01     4.83186e-02
3.00585e-01     4.68222e-02
3.00803e-01     4.53170e-02
3.01020e-01     4.37958e-02
3.01238e-01     4.22702e-02
3.01455e-01     4.07343e-02
3.01673e-01     3.91897e-02
3.01890e-01     3.76331e-02
3.02107e-01     3.60664e-02
3.02325e-01     3.44974e-02
3.02542e-01     3.29160e-02
3.02760e-01     3.13236e-02
3.02977e-01     2.97352e-02
3.03195e-01     2.81373e-02
3.03412e-01     2.65337e-02
3.03630e-01     2.49298e-02
3.03847e-01     2.33188e-02
3.04065e-01     2.17066e-02
3.04282e-01     2.00913e-02
3.04500e-01     1.84774e-02
3.04717e-01     1.68546e-02
3.04935e-01     1.52307e-02
3.05152e-01     1.36199e-02
3.05370e-01     1.19950e-02
3.05587e-01     1.03773e-02
3.05805e-01     8.75505e-03
3.06022e-01     7.13771e-03
3.06240e-01     5.51789e-03
3.06457e-01     3.90087e-03
3.06675e-01     2.28018e-03
3.06892e-01     6.68656e-04
3.07110e-01     -9.47610e-04
3.07327e-01     -2.55926e-03
3.07545e-01     -4.16876e-03
3.07762e-01     -5.78238e-03
3.07980e-01     -7.39244e-03
3.08197e-01     -9.00111e-03
3.08415e-01     -1.06033e-02
3.08632e-01     -1.22051e-02
3.08850e-01     -1.38030e-02
3.09067e-01     -1.53918e-02
3.09285e-01     -1.69827e-02
3.09502e-01     -1.85653e-02
3.09720e-01     -2.01345e-02
3.09937e-01     -2.17044e-02
3.10155e-01     -2.32680e-02
3.10372e-01     -2.48214e-02
3.10590e-01     -2.63682e-02
3.10807e-01     -2.78992e-02
3.11025e-01     -2.94272e-02
3.11242e-01     -3.09403e-02
3.11460e-01     -3.24533e-02
3.11677e-01     -3.39448e-02
3.11895e-01     -3.54223e-02
3.12112e-01     -3.68994e-02
3.12330e-01     -3.83536e-02
3.12547e-01     -3.97919e-02
3.12765e-01     -4.12280e-02
3.12982e-01     -4.26416e-02
3.13200e-01     -4.40465e-02
3.13417e-01     -4.54342e-02
3.13635e-01     -4.68032e-02
3.13852e-01     -4.81579e-02
3.14070e-01     -4.94989e-02
3.14287e-01     -5.08279e-02
3.14505e-01     -5.21421e-02
3.14722e-01     -5.34430e-02
3.14940e-01     -5.47285e-02
3.15157e-01     -5.60039e-02
3.15375e-01     -5.72608e-02
3.15592e-01     -5.85033e-02
3.15810e-01     -5.97343e-02
3.16027e-01     -6.09474e-02
3.16245e-01     -6.21501e-02
3.16462e-01     -6.33322e-02
3.16680e-01     -6.45012e-02
3.16897e-01     -6.56539e-02
3.17115e-01     -6.67898e-02
3.17332e-01     -6.79120e-02
3.17550e-01     -6.90143e-02
3.17767e-01     -7.01003e-02
3.17985e-01     -7.11697e-02
3.18202e-01     -7.22195e-02
3.18420e-01     -7.32550e-02
3.18637e-01     -7.42703e-02
3.18855e-01     -7.52749e-02
3.19072e-01     -7.62505e-02
3.19290e-01     -7.72078e-02
3.19507e-01     -7.81477e-02
3.19725e-01     -7.90575e-02
3.19942e-01     -7.99694e-02
3.20160e-01     -8.08471e-02
3.20377e-01     -8.17037e-02
3.20595e-01     -8.25443e-02
3.20812e-01     -8.33642e-02
3.21030e-01     -8.41619e-02
3.21247e-01     -8.49398e-02
3.21465e-01     -8.56995e-02
3.21682e-01     -8.64368e-02
3.21900e-01     -8.71552e-02
3.22117e-01     -8.78544e-02
3.22335e-01     -8.85364e-02
3.22552e-01     -8.91955e-02
3.22770e-01     -8.98312e-02
3.22987e-01     -9.04667e-02
3.23205e-01     -9.10700e-02
3.23422e-01     -9.16543e-02
3.23640e-01     -9.22091e-02
3.23857e-01     -9.27922e-02
3.24075e-01     -9.33192e-02
3.24292e-01     -9.38340e-02
3.24510e-01     -9.43173e-02
3.24727e-01     -9.47892e-02
3.24945e-01     -9.52412e-02
3.25162e-01     -9.56793e-02
3.25380e-01     -9.60981e-02
3.25597e-01     -9.64798e-02
3.25815e-01     -9.68354e-02
3.26032e-01     -9.71759e-02
3.26250e-01     -9.75032e-02
3.26467e-01     -9.78141e-02
3.26685e-01     -9.80932e-02
3.26902e-01     -9.83546e-02
3.27120e-01     -9.85513e-02
3.27337e-01     -9.88104e-02
3.27555e-01     -9.89620e-02
3.27772e-01     -9.91032e-02
3.27990e-01     -9.92561e-02
3.28207e-01     -9.93575e-02
3.28425e-01     -9.94380e-02
3.28642e-01     -9.95024e-02
3.28860e-01     -9.95381e-02
3.29077e-01     -9.95481e-02
3.29295e-01     -9.95388e-02
3.29512e-01     -9.94789e-02
3.29730e-01     -9.94482e-02
3.29947e-01     -9.93692e-02
3.30165e-01     -9.92704e-02
3.30382e-01     -9.91527e-02
3.30600e-01     -9.90089e-02
3.30817e-01     -9.88445e-02
3.31035e-01     -9.86576e-02
3.31252e-01     -9.84547e-02
3.31470e-01     -9.82311e-02
3.31687e-01     -9.80074e-02
3.31905e-01     -9.77405e-02
3.32122e-01     -9.74460e-02
3.32340e-01     -9.71358e-02
3.32557e-01     -9.67992e-02
3.32775e-01     -9.64388e-02
3.32992e-01     -9.60593e-02
3.33210e-01     -9.56535e-02
3.33427e-01     -9.52249e-02
3.33645e-01     -9.47648e-02
3.33862e-01     -9.42901e-02
3.34080e-01     -9.37893e-02
3.34297e-01     -9.32521e-02
3.34515e-01     -9.27117e-02
3.34732e-01     -9.21269e-02
3.34950e-01     -9.15245e-02
3.35167e-01     -9.08871e-02
3.35385e-01     -9.02311e-02
3.35602e-01     -8.95490e-02
3.35820e-01     -8.88424e-02
3.36037e-01     -8.81035e-02
3.36255e-01     -8.73483e-02
3.36472e-01     -8.65598e-02
3.36690e-01     -8.57466e-02
3.36907e-01     -8.48949e-02
3.37125e-01     -8.40622e-02
3.37342e-01     -8.31785e-02
3.37560e-01     -8.22550e-02
3.37777e-01     -8.13295e-02
3.37995e-01     -8.04127e-02
3.38212e-01     -7.94471e-02
3.38430e-01     -7.84702e-02
3.38647e-01     -7.74568e-02
3.38865e-01     -7.64367e-02
3.39082e-01     -7.53988e-02
3.39300e-01     -7.43435e-02
3.39517e-01     -7.32798e-02
3.39735e-01     -7.21643e-02
3.39952e-01     -7.10429e-02
3.40170e-01     -6.99017e-02
3.40387e-01     -6.87423e-02
3.40605e-01     -6.75633e-02
3.40822e-01     -6.63624e-02
3.41040e-01     -6.51374e-02
3.41257e-01     -6.38908e-02
3.41475e-01     -6.26229e-02
3.41692e-01     -6.13321e-02
3.41910e-01     -6.00169e-02
3.42127e-01     -5.86824e-02
3.42345e-01     -5.73290e-02
3.42562e-01     -5.59474e-02
3.42780e-01     -5.45400e-02
3.42997e-01     -5.31263e-02
3.43215e-01     -5.16837e-02
3.43432e-01     -5.02253e-02
3.43650e-01     -4.87517e-02
3.43867e-01     -4.72640e-02
3.44085e-01     -4.57467e-02
3.44302e-01     -4.42224e-02
3.44520e-01     -4.26725e-02
3.44737e-01     -4.11126e-02
3.44955e-01     -3.95367e-02
3.45172e-01     -3.79447e-02
3.45390e-01     -3.63430e-02
3.45607e-01     -3.47287e-02
3.45825e-01     -3.30777e-02
3.46042e-01     -3.14292e-02
3.46260e-01     -2.97583e-02
3.46477e-01     -2.80820e-02
3.46695e-01     -2.63881e-02
3.46912e-01     -2.46789e-02
3.47130e-01     -2.29579e-02
3.47347e-01     -2.12263e-02
3.47565e-01     -1.94746e-02
3.47782e-01     -1.77120e-02
3.48000e-01     -1.59410e-02
3.48217e-01     -1.41622e-02
3.48435e-01     -1.23627e-02
3.48652e-01     -1.05698e-02
3.48870e-01     -8.75806e-03
3.49087e-01     -6.93370e-03
3.49305e-01     -5.10908e-03
3.49522e-01     -3.27745e-03
3.49740e-01     -1.43138e-03
3.49957e-01     4.13299e-04
3.50175e-01     2.26208e-03
3.50392e-01     4.11929e-03
3.50610e-01     5.97495e-03
3.50827e-01     7.84073e-03
3.51045e-01     9.70147e-03
3.51262e-01     1.15570e-02
3.51480e-01     1.34161e-02
3.51697e-01     1.52709e-02
3.51915e-01     1.71264e-02
3.52132e-01     1.89805e-02
3.52350e-01     2.08313e-02
3.52567e-01     2.26726e-02
3.52785e-01     2.45073e-02
3.53002e-01     2.63442e-02
3.53220e-01     2.81756e-02
3.53437e-01     3.00063e-02
3.53655e-01     3.18255e-02
3.53872e-01     3.36436e-02
3.54090e-01     3.54475e-02
3.54307e-01     3.72426e-02
3.54525e-01     3.90323e-02
3.54742e-01     4.08125e-02
3.54960e-01     4.25818e-02
3.55177e-01     4.43437e-02
3.55395e-01     4.60955e-02
3.55612e-01     4.78372e-02
3.55830e-01     4.95638e-02
3.56047e-01     5.12844e-02
3.56265e-01     5.29911e-02
3.56482e-01     5.46871e-02
3.56700e-01     5.63636e-02
3.56917e-01     5.80273e-02
3.57135e-01     5.96699e-02
3.57352e-01     6.13008e-02
3.57570e-01     6.29156e-02
3.57787e-01     6.45077e-02
3.58005e-01     6.60863e-02
3.58222e-01     6.76400e-02
3.58440e-01     6.91749e-02
3.58657e-01     7.06840e-02
3.58875e-01     7.21733e-02
3.59092e-01     7.36437e-02
3.59310e-01     7.50932e-02
3.59527e-01     7.65195e-02
3.59745e-01     7.79266e-02
3.59962e-01     7.93131e-02
3.60180e-01     8.06782e-02
3.60397e-01     8.20208e-02
3.60615e-01     8.33417e-02
3.60832e-01     8.46425e-02
3.61050e-01     8.59242e-02
3.61267e-01     8.71823e-02
3.61485e-01     8.84203e-02
3.61702e-01     8.96371e-02
3.61920e-01     9.08303e-02
3.62137e-01     9.19989e-02
3.62355e-01     9.31441e-02
3.62572e-01     9.42714e-02
3.62790e-01     9.53746e-02
3.63007e-01     9.64573e-02
3.63225e-01     9.75165e-02
3.63442e-01     9.85531e-02
3.63660e-01     9.95696e-02
3.63877e-01     1.00560e-01
3.64095e-01     1.01528e-01
3.64312e-01     1.02470e-01
3.64530e-01     1.03392e-01
3.64747e-01     1.04287e-01
3.64965e-01     1.05164e-01
3.65182e-01     1.06013e-01
3.65400e-01     1.06835e-01
3.65617e-01     1.07636e-01
3.65835e-01     1.08415e-01
3.66052e-01     1.09165e-01
3.66270e-01     1.09888e-01
3.66487e-01     1.10593e-01
3.66705e-01     1.11279e-01
3.66922e-01     1.11914e-01
3.67140e-01     1.12557e-01
3.67357e-01     1.13163e-01
3.67575e-01     1.13748e-01
3.67792e-01     1.14308e-01
3.68010e-01     1.14849e-01
3.68227e-01     1.15360e-01
3.68445e-01     1.15849e-01
3.68662e-01     1.16308e-01
3.68880e-01     1.16752e-01
3.69097e-01     1.17172e-01
3.69315e-01     1.17565e-01
3.69532e-01     1.17933e-01
3.69750e-01     1.18268e-01
3.69967e-01     1.18595e-01
3.70185e-01     1.18909e-01
3.70402e-01     1.19185e-01
3.70620e-01     1.19433e-01
3.70837e-01     1.19661e-01
3.71055e-01     1.19862e-01
3.71272e-01     1.20029e-01
3.71490e-01     1.20181e-01
3.71707e-01     1.20317e-01
3.71925e-01     1.20437e-01
3.72142e-01     1.20516e-01
3.72360e-01     1.20567e-01
3.72577e-01     1.20597e-01
3.72795e-01     1.20599e-01
3.73012e-01     1.20576e-01
3.73230e-01     1.20519e-01
3.73447e-01     1.20442e-01
3.73665e-01     1.20365e-01
3.73882e-01     1.20238e-01
3.74100e-01     1.20084e-01
3.74317e-01     1.19902e-01
3.74535e-01     1.19702e-01
3.74752e-01     1.19471e-01
3.74970e-01     1.19207e-01
3.75187e-01     1.18924e-01
3.75405e-01     1.18647e-01
3.75622e-01     1.18317e-01
3.75840e-01     1.17963e-01
3.76057e-01     1.17610e-01
3.76275e-01     1.17176e-01
3.76492e-01     1.16750e-01
3.76710e-01     1.16292e-01
3.76927e-01     1.15821e-01
3.77145e-01     1.15324e-01
3.77362e-01     1.14823e-01
3.77580e-01     1.14279e-01
3.77797e-01     1.13707e-01
3.78015e-01     1.13108e-01
3.78232e-01     1.12489e-01
3.78450e-01     1.11833e-01
3.78667e-01     1.11165e-01
3.78885e-01     1.10462e-01
3.79102e-01     1.09771e-01
3.79320e-01     1.09019e-01
3.79537e-01     1.08245e-01
3.79755e-01     1.07440e-01
3.79972e-01     1.06614e-01
3.80190e-01     1.05758e-01
3.80407e-01     1.04877e-01
3.80625e-01     1.03966e-01
3.80842e-01     1.03027e-01
3.81060e-01     1.02068e-01
3.81277e-01     1.01080e-01
3.81495e-01     1.00066e-01
3.81712e-01     9.90210e-02
3.81930e-01     9.79587e-02
3.82147e-01     9.68614e-02
3.82365e-01     9.57420e-02
3.82582e-01     9.46276e-02
3.82800e-01     9.34592e-02
3.83017e-01     9.22575e-02
3.83235e-01     9.10332e-02
3.83452e-01     8.97402e-02
3.83670e-01     8.85040e-02
3.83887e-01     8.71880e-02
3.84105e-01     8.58624e-02
3.84322e-01     8.45021e-02
3.84540e-01     8.31917e-02
3.84757e-01     8.17012e-02
3.84975e-01     8.02623e-02
3.85192e-01     7.87957e-02
3.85410e-01     7.72980e-02
3.85627e-01     7.57557e-02
3.85845e-01     7.42065e-02
3.86062e-01     7.26389e-02
3.86280e-01     7.10429e-02
3.86497e-01     6.94116e-02
3.86715e-01     6.77929e-02
3.86932e-01     6.60961e-02
3.87150e-01     6.44027e-02
3.87367e-01     6.27146e-02
3.87585e-01     6.09835e-02
3.87802e-01     5.91929e-02
3.88020e-01     5.74179e-02
3.88237e-01     5.56148e-02
3.88455e-01     5.37999e-02
3.88672e-01     5.19681e-02
3.88890e-01     5.01047e-02
3.89107e-01     4.82191e-02
3.89325e-01     4.63217e-02
3.89542e-01     4.44009e-02
3.89760e-01     4.24665e-02
3.89977e-01     4.05129e-02
3.90195e-01     3.85322e-02
3.90412e-01     3.65336e-02
3.90630e-01     3.45188e-02
3.90847e-01     3.24777e-02
3.91065e-01     3.04060e-02
3.91282e-01     2.83388e-02
3.91500e-01     2.62498e-02
3.91717e-01     2.41502e-02
3.91935e-01     2.20269e-02
3.92152e-01     1.98994e-02
3.92370e-01     1.77356e-02
3.92587e-01     1.55667e-02
3.92805e-01     1.33906e-02
3.93022e-01     1.12023e-02
3.93240e-01     8.98888e-03
3.93457e-01     6.77858e-03
3.93675e-01     4.56196e-03
3.93892e-01     2.32448e-03
3.94110e-01     9.53273e-05
3.94327e-01     -2.14608e-03
3.94545e-01     -4.39466e-03
3.94762e-01     -6.63144e-03
3.94980e-01     -8.87560e-03
3.95197e-01     -1.11113e-02
3.95415e-01     -1.33411e-02
3.95632e-01     -1.55705e-02
3.95850e-01     -1.77781e-02
3.96067e-01     -1.99937e-02
3.96285e-01     -2.21861e-02
3.96502e-01     -2.43713e-02
3.96720e-01     -2.65441e-02
3.96937e-01     -2.87009e-02
3.97155e-01     -3.08423e-02
3.97372e-01     -3.29601e-02
3.97590e-01     -3.50586e-02
3.97807e-01     -3.71312e-02
3.98025e-01     -3.91789e-02
3.98242e-01     -4.12073e-02
3.98460e-01     -4.32056e-02
3.98677e-01     -4.51805e-02
3.98895e-01     -4.71268e-02
3.99112e-01     -4.90269e-02
3.99330e-01     -5.09092e-02
3.99547e-01     -5.27603e-02
3.99765e-01     -5.45887e-02
3.99982e-01     -5.63825e-02
4.00200e-01     -5.81411e-02
4.00417e-01     -5.98691e-02
4.00635e-01     -6.15636e-02
4.00852e-01     -6.32259e-02
4.01070e-01     -6.48510e-02
4.01287e-01     -6.64369e-02
4.01505e-01     -6.79925e-02
4.01722e-01     -6.95058e-02
4.01940e-01     -7.09900e-02
4.02157e-01     -7.24339e-02
4.02375e-01     -7.38436e-02
4.02592e-01     -7.52189e-02
4.02810e-01     -7.65564e-02
4.03027e-01     -7.78549e-02
4.03245e-01     -7.91120e-02
4.03462e-01     -8.03465e-02
4.03680e-01     -8.15385e-02
4.03897e-01     -8.26948e-02
4.04115e-01     -8.38256e-02
4.04332e-01     -8.49158e-02
4.04550e-01     -8.59813e-02
4.04767e-01     -8.70077e-02
4.04985e-01     -8.79990e-02
4.05202e-01     -8.89571e-02
4.05420e-01     -8.98885e-02
4.05637e-01     -9.07916e-02
4.05855e-01     -9.16628e-02
4.06072e-01     -9.25022e-02
4.06290e-01     -9.33098e-02
4.06507e-01     -9.40940e-02
4.06725e-01     -9.48488e-02
4.06942e-01     -9.55751e-02
4.07160e-01     -9.62666e-02
4.07377e-01     -9.69220e-02
4.07595e-01     -9.75565e-02
4.07812e-01     -9.81503e-02
4.08030e-01     -9.87160e-02
4.08247e-01     -9.92530e-02
4.08465e-01     -9.97504e-02
4.08682e-01     -1.00231e-01
4.08900e-01     -1.00664e-01
4.09117e-01     -1.01070e-01
4.09335e-01     -1.01453e-01
4.09552e-01     -1.01785e-01
4.09770e-01     -1.02124e-01
4.09987e-01     -1.02405e-01
4.10205e-01     -1.02647e-01
4.10422e-01     -1.02877e-01
4.10640e-01     -1.03053e-01
4.10857e-01     -1.03211e-01
4.11075e-01     -1.03342e-01
4.11292e-01     -1.03431e-01
4.11510e-01     -1.03500e-01
4.11727e-01     -1.03551e-01
4.11945e-01     -1.03568e-01
4.12162e-01     -1.03546e-01
4.12380e-01     -1.03499e-01
4.12597e-01     -1.03443e-01
4.12815e-01     -1.03341e-01
4.13032e-01     -1.03211e-01
4.13250e-01     -1.03052e-01
4.13467e-01     -1.02893e-01
4.13685e-01     -1.02679e-01
4.13902e-01     -1.02437e-01
4.14120e-01     -1.02163e-01
4.14337e-01     -1.01896e-01
4.14555e-01     -1.01569e-01
4.14772e-01     -1.01220e-01
4.14990e-01     -1.00841e-01
4.15207e-01     -1.00459e-01
4.15425e-01     -1.00019e-01
4.15642e-01     -9.95506e-02
4.15860e-01     -9.90519e-02
4.16077e-01     -9.85255e-02
4.16295e-01     -9.79656e-02
4.16512e-01     -9.74082e-02
4.16730e-01     -9.67895e-02
4.16947e-01     -9.61494e-02
4.17165e-01     -9.54761e-02
4.17382e-01     -9.47699e-02
4.17600e-01     -9.40681e-02
4.17817e-01     -9.33407e-02
4.18035e-01     -9.25274e-02
4.18252e-01     -9.17153e-02
4.18470e-01     -9.08703e-02
4.18687e-01     -9.00026e-02
4.18905e-01     -8.91349e-02
4.19122e-01     -8.82132e-02
4.19340e-01     -8.72797e-02
4.19557e-01     -8.63134e-02
4.19775e-01     -8.53274e-02
4.19992e-01     -8.43127e-02
4.20210e-01     -8.32678e-02
4.20427e-01     -8.22405e-02
4.20645e-01     -8.11452e-02
4.20862e-01     -8.00348e-02
4.21080e-01     -7.89043e-02
4.21297e-01     -7.77422e-02
4.21515e-01     -7.65418e-02
4.21732e-01     -7.53235e-02
4.21950e-01     -7.40741e-02
4.22167e-01     -7.28225e-02
4.22385e-01     -7.14813e-02
4.22602e-01     -7.01745e-02
4.22820e-01     -6.87736e-02
4.23037e-01     -6.73734e-02
4.23255e-01     -6.59713e-02
4.23472e-01     -6.44877e-02
4.23690e-01     -6.29985e-02
4.23907e-01     -6.14771e-02
4.24125e-01     -5.99348e-02
4.24342e-01     -5.83628e-02
4.24560e-01     -5.67627e-02
4.24777e-01     -5.51263e-02
4.24995e-01     -5.34760e-02
4.25212e-01     -5.17890e-02
4.25430e-01     -5.00817e-02
4.25647e-01     -4.83694e-02
4.25865e-01     -4.65876e-02
4.26082e-01     -4.47991e-02
4.26300e-01     -4.29788e-02
4.26517e-01     -4.11322e-02
4.26735e-01     -3.92571e-02
4.26952e-01     -3.73533e-02
4.27170e-01     -3.54177e-02
4.27387e-01     -3.34614e-02
4.27605e-01     -3.14684e-02
4.27822e-01     -2.94292e-02
4.28040e-01     -2.73970e-02
4.28257e-01     -2.53295e-02
4.28475e-01     -2.32327e-02
4.28692e-01     -2.11111e-02
4.28910e-01     -1.89689e-02
4.29127e-01     -1.68049e-02
4.29345e-01     -1.46032e-02
4.29562e-01     -1.23985e-02
4.29780e-01     -1.01696e-02
4.29997e-01     -7.92097e-03
4.30215e-01     -5.65746e-03
4.30432e-01     -3.37965e-03
4.30650e-01     -1.07875e-03
4.30867e-01     1.24023e-03
4.31085e-01     3.57657e-03
4.31302e-01     5.92179e-03
4.31520e-01     8.29407e-03
4.31737e-01     1.06625e-02
4.31955e-01     1.30417e-02
4.32172e-01     1.54291e-02
4.32390e-01     1.78171e-02
4.32607e-01     2.02310e-02
4.32825e-01     2.26441e-02
4.33042e-01     2.50661e-02
4.33260e-01     2.74917e-02
4.33477e-01     2.99198e-02
4.33695e-01     3.23476e-02
4.33912e-01     3.47691e-02
4.34130e-01     3.71957e-02
4.34347e-01     3.96038e-02
4.34565e-01     4.20161e-02
4.34782e-01     4.44097e-02
4.35000e-01     4.67927e-02
4.35217e-01     4.91497e-02
4.35435e-01     5.14940e-02
4.35652e-01     5.38157e-02
4.35870e-01     5.61001e-02
4.36087e-01     5.83605e-02
4.36305e-01     6.05793e-02
4.36522e-01     6.27657e-02
4.36740e-01     6.49182e-02
4.36957e-01     6.70190e-02
4.37175e-01     6.90820e-02
4.37392e-01     7.10967e-02
4.37610e-01     7.30555e-02
4.37827e-01     7.49669e-02
4.38045e-01     7.68182e-02
4.38262e-01     7.86218e-02
4.38480e-01     8.03677e-02
4.38697e-01     8.20477e-02
4.38915e-01     8.36823e-02
4.39132e-01     8.52604e-02
4.39350e-01     8.67810e-02
4.39567e-01     8.82466e-02
4.39785e-01     8.96633e-02
4.40002e-01     9.10407e-02
4.40220e-01     9.23467e-02
4.40437e-01     9.36106e-02
4.40655e-01     9.48196e-02
4.40872e-01     9.59883e-02
4.41090e-01     9.71133e-02
4.41307e-01     9.81867e-02
4.41525e-01     9.92318e-02
4.41742e-01     1.00238e-01
4.41960e-01     1.01202e-01
4.42177e-01     1.02117e-01
4.42395e-01     1.03010e-01
4.42612e-01     1.03853e-01
4.42830e-01     1.04664e-01
4.43047e-01     1.05441e-01
4.43265e-01     1.06172e-01
4.43482e-01     1.06870e-01
4.43700e-01     1.07529e-01
4.43917e-01     1.08148e-01
4.44135e-01     1.08735e-01
4.44352e-01     1.09283e-01
4.44570e-01     1.09793e-01
4.44787e-01     1.10260e-01
4.45005e-01     1.10692e-01
4.45222e-01     1.11083e-01
4.45440e-01     1.11435e-01
4.45657e-01     1.11750e-01
4.45875e-01     1.12023e-01
4.46092e-01     1.12260e-01
4.46310e-01     1.12449e-01
4.46527e-01     1.12601e-01
4.46745e-01     1.12718e-01
4.46962e-01     1.12795e-01
4.47180e-01     1.12833e-01
4.47397e-01     1.12848e-01
4.47615e-01     1.12805e-01
4.47832e-01     1.12730e-01
4.48050e-01     1.12627e-01
4.48267e-01     1.12514e-01
4.48485e-01     1.12351e-01
4.48702e-01     1.12155e-01
4.48920e-01     1.11925e-01
4.49137e-01     1.11656e-01
4.49355e-01     1.11363e-01
4.49572e-01     1.11062e-01
4.49790e-01     1.10709e-01
4.50007e-01     1.10349e-01
4.50225e-01     1.09937e-01
4.50442e-01     1.09489e-01
4.50660e-01     1.09045e-01
4.50877e-01     1.08541e-01
4.51095e-01     1.07994e-01
4.51312e-01     1.07448e-01
4.51530e-01     1.06849e-01
4.51747e-01     1.06207e-01
4.51965e-01     1.05547e-01
4.52182e-01     1.04849e-01
4.52400e-01     1.04152e-01
4.52617e-01     1.03394e-01
4.52835e-01     1.02620e-01
4.53052e-01     1.01839e-01
4.53270e-01     1.01001e-01
4.53487e-01     1.00141e-01
4.53705e-01     9.92830e-02
4.53922e-01     9.83552e-02
4.54140e-01     9.74085e-02
4.54357e-01     9.64714e-02
4.54575e-01     9.54577e-02
4.54792e-01     9.44251e-02
4.55010e-01     9.33584e-02
4.55227e-01     9.23047e-02
4.55445e-01     9.11928e-02
4.55662e-01     9.00240e-02
4.55880e-01     8.88536e-02
4.56097e-01     8.76766e-02
4.56315e-01     8.64193e-02
4.56532e-01     8.51510e-02
4.56750e-01     8.38954e-02
4.56967e-01     8.25851e-02
4.57185e-01     8.12517e-02
4.57402e-01     7.98999e-02
4.57620e-01     7.85488e-02
4.57837e-01     7.71402e-02
4.58055e-01     7.57238e-02
4.58272e-01     7.42878e-02
4.58490e-01     7.28183e-02
4.58707e-01     7.13383e-02
4.58925e-01     6.98357e-02
4.59142e-01     6.84101e-02
4.59360e-01     6.68110e-02
4.59577e-01     6.52571e-02
4.59795e-01     6.36716e-02
4.60012e-01     6.20788e-02
4.60230e-01     6.04627e-02
4.60447e-01     5.88358e-02
4.60665e-01     5.71859e-02
4.60882e-01     5.55118e-02
4.61100e-01     5.38329e-02
4.61317e-01     5.21166e-02
4.61535e-01     5.03968e-02
4.61752e-01     4.86505e-02
4.61970e-01     4.68961e-02
4.62187e-01     4.51901e-02
4.62405e-01     4.33158e-02
4.62622e-01     4.15002e-02
4.62840e-01     3.96812e-02
4.63057e-01     3.77797e-02
4.63275e-01     3.58817e-02
4.63492e-01     3.39684e-02
4.63710e-01     3.20302e-02
4.63927e-01     3.00687e-02
4.64145e-01     2.80718e-02
4.64362e-01     2.60522e-02
4.64580e-01     2.39899e-02
4.64797e-01     2.19633e-02
4.65015e-01     1.98459e-02
4.65232e-01     1.77521e-02
4.65450e-01     1.56286e-02
4.65667e-01     1.34882e-02
4.65885e-01     1.13182e-02
4.66102e-01     9.11329e-03
4.66320e-01     6.91546e-03
4.66537e-01     4.69296e-03
4.66755e-01     2.45293e-03
4.66972e-01     1.95425e-04
4.67190e-01     -2.09312e-03
4.67407e-01     -4.41301e-03
4.67625e-01     -6.73694e-03
4.67842e-01     -9.08425e-03
4.68060e-01     -1.14468e-02
4.68277e-01     -1.38508e-02
4.68495e-01     -1.62554e-02
4.68712e-01     -1.86839e-02
4.68930e-01     -2.11389e-02
4.69147e-01     -2.35981e-02
4.69365e-01     -2.60858e-02
4.69582e-01     -2.85966e-02
4.69800e-01     -3.11093e-02
4.70017e-01     -3.36399e-02
4.70235e-01     -3.61796e-02
4.70452e-01     -3.87185e-02
4.70670e-01     -4.12442e-02
4.70887e-01     -4.37653e-02
4.71105e-01     -4.62966e-02
4.71322e-01     -4.88104e-02
4.71540e-01     -5.13035e-02
4.71757e-01     -5.37828e-02
4.71975e-01     -5.62337e-02
4.72192e-01     -5.86481e-02
4.72410e-01     -6.10448e-02
4.72627e-01     -6.33864e-02
4.72845e-01     -6.56958e-02
4.73062e-01     -6.79412e-02
4.73280e-01     -7.01233e-02
4.73497e-01     -7.22483e-02
4.73715e-01     -7.42987e-02
4.73932e-01     -7.62959e-02
4.74150e-01     -7.82115e-02
4.74367e-01     -8.00529e-02
4.74585e-01     -8.18130e-02
4.74802e-01     -8.34883e-02
4.75020e-01     -8.50754e-02
4.75237e-01     -8.65745e-02
4.75455e-01     -8.79903e-02
4.75672e-01     -8.93263e-02
4.75890e-01     -9.05718e-02
4.76107e-01     -9.17275e-02
4.76325e-01     -9.28065e-02
4.76542e-01     -9.38206e-02
4.76760e-01     -9.47585e-02
4.76977e-01     -9.56188e-02
4.77195e-01     -9.64179e-02
4.77412e-01     -9.71508e-02
4.77630e-01     -9.78246e-02
4.77847e-01     -9.84554e-02
4.78065e-01     -9.90188e-02
4.78282e-01     -9.95348e-02
4.78500e-01     -1.00002e-01
4.78717e-01     -1.00436e-01
4.78935e-01     -1.00807e-01
4.79152e-01     -1.01136e-01
4.79370e-01     -1.01432e-01
4.79587e-01     -1.01690e-01
4.79805e-01     -1.01901e-01
4.80022e-01     -1.02078e-01
4.80240e-01     -1.02215e-01
4.80457e-01     -1.02315e-01
4.80675e-01     -1.02373e-01
4.80892e-01     -1.02389e-01
4.81110e-01     -1.02360e-01
4.81327e-01     -1.02295e-01
4.81545e-01     -1.02191e-01
4.81762e-01     -1.02035e-01
4.81980e-01     -1.01829e-01
4.82197e-01     -1.01576e-01
4.82415e-01     -1.01278e-01
4.82632e-01     -1.00937e-01
4.82850e-01     -1.00544e-01
4.83067e-01     -1.00105e-01
4.83285e-01     -9.96129e-02
4.83502e-01     -9.90919e-02
4.83720e-01     -9.84907e-02
4.83937e-01     -9.78658e-02
4.84155e-01     -9.72116e-02
4.84372e-01     -9.64934e-02
4.84590e-01     -9.57560e-02
4.84807e-01     -9.49695e-02
4.85025e-01     -9.41727e-02
4.85242e-01     -9.33508e-02
4.85460e-01     -9.24723e-02
4.85677e-01     -9.15669e-02
4.85895e-01     -9.06613e-02
4.86112e-01     -8.97293e-02
4.86330e-01     -8.87412e-02
4.86547e-01     -8.77603e-02
4.86765e-01     -8.67227e-02
4.86982e-01     -8.56947e-02
4.87200e-01     -8.45956e-02
4.87417e-01     -8.35063e-02
4.87635e-01     -8.23600e-02
4.87852e-01     -8.11807e-02
4.88070e-01     -7.99979e-02
4.88287e-01     -7.87549e-02
4.88505e-01     -7.74837e-02
4.88722e-01     -7.62146e-02
4.88940e-01     -7.48906e-02
4.89157e-01     -7.35538e-02
4.89375e-01     -7.21620e-02
4.89592e-01     -7.07328e-02
4.89810e-01     -6.92856e-02
4.90027e-01     -6.78400e-02
4.90245e-01     -6.63342e-02
4.90462e-01     -6.48102e-02
4.90680e-01     -6.32490e-02
4.90897e-01     -6.17044e-02
4.91115e-01     -6.00920e-02
4.91332e-01     -5.84633e-02
4.91550e-01     -5.68455e-02
4.91767e-01     -5.51773e-02
4.91985e-01     -5.34977e-02
4.92202e-01     -5.17886e-02
4.92420e-01     -5.00669e-02
4.92637e-01     -4.83360e-02
4.92855e-01     -4.65820e-02
4.93072e-01     -4.48123e-02
4.93290e-01     -4.30281e-02
4.93507e-01     -4.12324e-02
4.93725e-01     -3.94243e-02
4.93942e-01     -3.76129e-02
4.94160e-01     -3.57732e-02
4.94377e-01     -3.39229e-02
4.94595e-01     -3.20658e-02
4.94812e-01     -3.01932e-02
4.95030e-01     -2.82971e-02
4.95247e-01     -2.64010e-02
4.95465e-01     -2.44853e-02
4.95682e-01     -2.25529e-02
4.95900e-01     -2.06092e-02
4.96117e-01     -1.86627e-02
4.96335e-01     -1.66935e-02
4.96552e-01     -1.47178e-02
4.96770e-01     -1.27281e-02
4.96987e-01     -1.07215e-02
4.97205e-01     -8.70456e-03
4.97422e-01     -6.67380e-03
4.97640e-01     -4.63881e-03
4.97857e-01     -2.58127e-03
4.98075e-01     -5.22574e-04
4.98292e-01     1.56669e-03
4.98510e-01     3.65764e-03
4.98727e-01     5.78036e-03
4.98945e-01     7.90944e-03
4.99162e-01     1.00630e-02
4.99380e-01     1.22282e-02
4.99597e-01     1.44227e-02
4.99815e-01     1.66375e-02
5.00032e-01     1.89024e-02
5.00250e-01     2.11535e-02
5.00467e-01     2.34283e-02
5.00685e-01     2.57242e-02
5.00902e-01     2.80700e-02
5.01120e-01     3.04194e-02
5.01337e-01     3.27802e-02
5.01555e-01     3.51874e-02
5.01772e-01     3.75855e-02
5.01990e-01     3.99896e-02
5.02207e-01     4.24434e-02
5.02425e-01     4.48950e-02
5.02642e-01     4.73600e-02
5.02860e-01     4.98437e-02
5.03077e-01     5.23215e-02
5.03295e-01     5.48140e-02
5.03512e-01     5.73056e-02
5.03730e-01     5.97835e-02
5.03947e-01     6.22751e-02
5.04165e-01     6.47587e-02
5.04382e-01     6.72186e-02
5.04600e-01     6.96763e-02
5.04817e-01     7.21193e-02
5.05035e-01     7.45395e-02
5.05252e-01     7.69337e-02
5.05470e-01     7.93069e-02
5.05687e-01     8.16409e-02
5.05905e-01     8.39311e-02
5.06122e-01     8.61853e-02
5.06340e-01     8.83742e-02
5.06557e-01     9.05008e-02
5.06775e-01     9.25598e-02
5.06992e-01     9.45389e-02
5.07210e-01     9.64351e-02
5.07427e-01     9.82366e-02
5.07645e-01     9.99403e-02
5.07862e-01     1.01540e-01
5.08080e-01     1.03031e-01
5.08297e-01     1.04419e-01
5.08515e-01     1.05684e-01
5.08732e-01     1.06843e-01
5.08950e-01     1.07882e-01
5.09167e-01     1.08812e-01
5.09385e-01     1.09635e-01
5.09602e-01     1.10354e-01
5.09820e-01     1.10972e-01
5.10037e-01     1.11494e-01
5.10255e-01     1.11917e-01
5.10472e-01     1.12266e-01
5.10690e-01     1.12533e-01
5.10907e-01     1.12729e-01
5.11125e-01     1.12855e-01
5.11342e-01     1.12947e-01
5.11560e-01     1.12952e-01
5.11777e-01     1.12905e-01
5.11995e-01     1.12811e-01
5.12212e-01     1.12694e-01
5.12430e-01     1.12515e-01
5.12647e-01     1.12308e-01
5.12865e-01     1.12046e-01
5.13082e-01     1.11757e-01
5.13300e-01     1.11420e-01
5.13517e-01     1.11047e-01
5.13735e-01     1.10637e-01
5.13952e-01     1.10179e-01
5.14170e-01     1.09685e-01
5.14387e-01     1.09147e-01
5.14605e-01     1.08560e-01
5.14822e-01     1.07927e-01
5.15040e-01     1.07251e-01
5.15257e-01     1.06524e-01
5.15475e-01     1.05742e-01
5.15692e-01     1.04905e-01
5.15910e-01     1.04016e-01
5.16127e-01     1.03073e-01
5.16345e-01     1.02075e-01
5.16562e-01     1.01025e-01
5.16780e-01     9.99228e-02
5.16997e-01     9.87723e-02
5.17215e-01     9.75733e-02
5.17432e-01     9.63281e-02
5.17650e-01     9.50705e-02
5.17867e-01     9.37456e-02
5.18085e-01     9.24195e-02
5.18302e-01     9.10292e-02
5.18520e-01     8.96054e-02
5.18737e-01     8.81778e-02
5.18955e-01     8.67099e-02
5.19172e-01     8.52331e-02
5.19390e-01     8.37419e-02
5.19607e-01     8.21898e-02
5.19825e-01     8.06483e-02
5.20042e-01     7.90381e-02
5.20260e-01     7.74442e-02
5.20477e-01     7.58224e-02
5.20695e-01     7.41423e-02
5.20912e-01     7.24651e-02
5.21130e-01     7.07394e-02
5.21347e-01     6.89828e-02
5.21565e-01     6.72376e-02
5.21782e-01     6.54244e-02
5.22000e-01     6.36583e-02
5.22217e-01     6.17663e-02
5.22435e-01     5.98949e-02
5.22652e-01     5.80357e-02
5.22870e-01     5.61127e-02
5.23087e-01     5.42095e-02
5.23305e-01     5.22634e-02
5.23522e-01     5.02986e-02
5.23740e-01     4.83051e-02
5.23957e-01     4.63035e-02
5.24175e-01     4.42806e-02
5.24392e-01     4.22661e-02
5.24610e-01     4.02259e-02
5.24827e-01     3.81806e-02
5.25045e-01     3.61218e-02
5.25262e-01     3.40522e-02
5.25480e-01     3.19817e-02
5.25697e-01     2.99022e-02
5.25915e-01     2.78185e-02
5.26132e-01     2.57230e-02
5.26350e-01     2.36320e-02
5.26567e-01     2.15415e-02
5.26785e-01     1.94443e-02
5.27002e-01     1.73467e-02
5.27220e-01     1.52686e-02
5.27437e-01     1.31566e-02
5.27655e-01     1.10894e-02
5.27872e-01     9.01094e-03
5.28090e-01     6.92016e-03
5.28307e-01     4.84584e-03
5.28525e-01     2.75998e-03
5.28742e-01     6.93176e-04
5.28960e-01     -1.37194e-03
5.29177e-01     -3.45122e-03
5.29395e-01     -5.52573e-03
5.29612e-01     -7.60419e-03
5.29830e-01     -9.69615e-03
5.30047e-01     -1.17859e-02
5.30265e-01     -1.38655e-02
5.30482e-01     -1.59517e-02
5.30700e-01     -1.80572e-02
5.30917e-01     -2.01722e-02
5.31135e-01     -2.22736e-02
5.31352e-01     -2.43930e-02
5.31570e-01     -2.65325e-02
5.31787e-01     -2.86675e-02
5.32005e-01     -3.08039e-02
5.32222e-01     -3.29368e-02
5.32440e-01     -3.50877e-02
5.32657e-01     -3.72480e-02
5.32875e-01     -3.94038e-02
5.33092e-01     -4.16007e-02
5.33310e-01     -4.37861e-02
5.33527e-01     -4.59993e-02
5.33745e-01     -4.81994e-02
5.33962e-01     -5.04029e-02
5.34180e-01     -5.26541e-02
5.34397e-01     -5.49047e-02
5.34615e-01     -5.71646e-02
5.34832e-01     -5.94453e-02
5.35050e-01     -6.17016e-02
5.35267e-01     -6.40106e-02
5.35485e-01     -6.63007e-02
5.35702e-01     -6.86119e-02
5.35920e-01     -7.09283e-02
5.36137e-01     -7.32452e-02
5.36355e-01     -7.55545e-02
5.36572e-01     -7.78635e-02
5.36790e-01     -8.01719e-02
5.37007e-01     -8.24442e-02
5.37225e-01     -8.46861e-02
5.37442e-01     -8.68742e-02
5.37660e-01     -8.90257e-02
5.37877e-01     -9.11216e-02
5.38095e-01     -9.31466e-02
5.38312e-01     -9.50877e-02
5.38530e-01     -9.69545e-02
5.38747e-01     -9.87188e-02
5.38965e-01     -1.00368e-01
5.39182e-01     -1.01896e-01
5.39400e-01     -1.03303e-01
5.39617e-01     -1.04575e-01
5.39835e-01     -1.05713e-01
5.40052e-01     -1.06705e-01
5.40270e-01     -1.07572e-01
5.40487e-01     -1.08297e-01
5.40705e-01     -1.08878e-01
5.40922e-01     -1.09337e-01
5.41140e-01     -1.09668e-01
5.41357e-01     -1.09869e-01
5.41575e-01     -1.09981e-01
5.41792e-01     -1.09968e-01
5.42010e-01     -1.09847e-01
5.42227e-01     -1.09632e-01
5.42445e-01     -1.09326e-01
5.42662e-01     -1.08943e-01
5.42880e-01     -1.08505e-01
5.43097e-01     -1.07984e-01
5.43315e-01     -1.07415e-01
5.43532e-01     -1.06788e-01
5.43750e-01     -1.06093e-01
5.43967e-01     -1.05374e-01
5.44185e-01     -1.04593e-01
5.44402e-01     -1.03772e-01
5.44620e-01     -1.02899e-01
5.44837e-01     -1.01987e-01
5.45055e-01     -1.01023e-01
5.45272e-01     -1.00013e-01
5.45490e-01     -9.89512e-02
5.45707e-01     -9.78465e-02
5.45925e-01     -9.66900e-02
5.46142e-01     -9.54789e-02
5.46360e-01     -9.42253e-02
5.46577e-01     -9.29099e-02
5.46795e-01     -9.15470e-02
5.47012e-01     -9.01237e-02
5.47230e-01     -8.86673e-02
5.47447e-01     -8.71381e-02
5.47665e-01     -8.55649e-02
5.47882e-01     -8.39276e-02
5.48100e-01     -8.22465e-02
5.48317e-01     -8.05226e-02
5.48535e-01     -7.87834e-02
5.48752e-01     -7.69772e-02
5.48970e-01     -7.51633e-02
5.49187e-01     -7.33320e-02
5.49405e-01     -7.14451e-02
5.49622e-01     -6.95635e-02
5.49840e-01     -6.76681e-02
5.50057e-01     -6.57569e-02
5.50275e-01     -6.37876e-02
5.50492e-01     -6.18368e-02
5.50710e-01     -5.98697e-02
5.50927e-01     -5.78697e-02
5.51145e-01     -5.58131e-02
5.51362e-01     -5.37724e-02
5.51580e-01     -5.16561e-02
5.51797e-01     -4.95500e-02
5.52015e-01     -4.73899e-02
5.52232e-01     -4.52028e-02
5.52450e-01     -4.30167e-02
5.52667e-01     -4.07719e-02
5.52885e-01     -3.85083e-02
5.53102e-01     -3.62184e-02
5.53320e-01     -3.39161e-02
5.53537e-01     -3.16042e-02
5.53755e-01     -2.92849e-02
5.53972e-01     -2.69636e-02
5.54190e-01     -2.46062e-02
5.54407e-01     -2.22635e-02
5.54625e-01     -1.99178e-02
5.54842e-01     -1.75635e-02
5.55060e-01     -1.52033e-02
5.55277e-01     -1.28486e-02
5.55495e-01     -1.04994e-02
5.55712e-01     -8.14950e-03
5.55930e-01     -5.80678e-03
5.56147e-01     -3.47019e-03
5.56365e-01     -1.13308e-03
5.56582e-01     1.20985e-03
5.56800e-01     3.52895e-03
5.57017e-01     5.83238e-03
5.57235e-01     8.13652e-03
5.57452e-01     1.04272e-02
5.57670e-01     1.26840e-02
5.57887e-01     1.49401e-02
5.58105e-01     1.71831e-02
5.58322e-01     1.93995e-02
5.58540e-01     2.16141e-02
5.58757e-01     2.37973e-02
5.58975e-01     2.59744e-02
5.59192e-01     2.81316e-02
5.59410e-01     3.02731e-02
5.59627e-01     3.24134e-02
5.59845e-01     3.45278e-02
5.60062e-01     3.66541e-02
5.60280e-01     3.87615e-02
5.60497e-01     4.08702e-02
5.60715e-01     4.29773e-02
5.60932e-01     4.50950e-02
5.61150e-01     4.72071e-02
5.61367e-01     4.93475e-02
5.61585e-01     5.14613e-02
5.61802e-01     5.35765e-02
5.62020e-01     5.57259e-02
5.62237e-01     5.78473e-02
5.62455e-01     5.99759e-02
5.62672e-01     6.21140e-02
5.62890e-01     6.42622e-02
5.63107e-01     6.64214e-02
5.63325e-01     6.85763e-02
5.63542e-01     7.07328e-02
5.63760e-01     7.29162e-02
5.63977e-01     7.50755e-02
5.64195e-01     7.72460e-02
5.64412e-01     7.93941e-02
5.64630e-01     8.15514e-02
5.64847e-01     8.36932e-02
5.65065e-01     8.58302e-02
5.65282e-01     8.79620e-02
5.65500e-01     9.00806e-02
